0.2500757231465557
0.6609282187277532
0.8813883898990788
0.7260480120251145
0.3474568537628524
-0.2702103325504059
-0.6613574513685061
-0.35764256600345956
0.1706439690263265
0.4373564928299013
0.31597051437183565
0.683768283078132
-0.36345981457130333
0.7886667886404624
0.31108492537206933
0.7485698404302612
-0.6695727232963525
0.4912722007198428
0.35369024579788005
0.9270531717498911
0.15102692290378042
-0.08014524463456688
0.02018711615255428
0.16965020550212614
-0.017013273446802715
-0.02846802621977143
-0.0748381462991522
-0.3029559946921578
-0.9384801334349138
0.7191843283266832
0.5862251645873375
0.5382266913055853
0.11727136497821578
-0.2249918750739527
0.6357899295042074
-0.5275543412048191
-0.1139881017787818
-0.2088405967350599
0.8187713448416397
0.40191351029019906
0.4163147147790006
-0.5604920916214278
0.10188619510340197
0.5412162094542959
0.1445376440583921
0.5767537012544526
-0.35885090966516864
0.5996097865472849
-0.6640817820331633
-0.3028823465957295
-0.23943451228318707
0.2476896634233257
-0.2975852261831939
-0.6642053956767507
-0.11968734679047463
-0.2350940464984138
0.6789978309816638
0.07768584722938181
0.42518630082767345
-0.4086632126371119
0.4214739703975084
0.7426139372277019
0.5945369877614145
0.09691153816834173
0.5887761354348664
-0.7193109162937246
1.0
-0.28933318871607017
-0.21525138085551698
0.39496172622644493
-0.21397501450553838
-0.04661305120825778
-0.19181543809204027
-0.07353596428812087
0.10232145181167679
-0.3321373422440391
-0.23882484387246364
0.04603974157819671
-0.43754826014743725
0.44613822766361916
-0.46555182207544
-0.6981860135043508
0.20856434653589323
0.31546509757169106
0.17482265583568107
0.5335838494488729
-0.46501313741900074
0.20541555518749527
-0.1404383710503895
-0.8298903376309087
0.47548758673631664
0.8702833174346019
-0.3217991298888515
-0.4931051208926052
-0.5957898805798405
0.453198817420726
0.24561904515141514
-0.6042434646638303
0.7119764605490347
-0.40096554422493275
-0.35417388503371205
-0.7008725858219392
-0.452401462721281
-0.677824471768975
0.1023491626170688
-0.6618407066898089
-0.4499820946167678
0.24690946255830817
-0.6686709609516537
0.5158018218828496
0.28054199820220493
-0.21522526479413998
-0.5152557920191247
0.3011204966134542
-0.22171508711087767
1.0
-0.10638536917009586
0.12366934757400305
0.07384745819664386
-0.3690040170768726
-0.7068263453564466
0.25841470304265607
0.32683103309612993
0.46538748106762695
-0.3182502430280775
0.22138998196525658
-0.8871181182672974
-0.14498272029882844
-0.4352970411647596
0.3839324490506625
-0.62769055007959
-0.286974501855716
-0.15230054388543185
-0.8294489122170868
-0.0656650486289338
0.012946266493934957
-0.5771136218545037
-0.635164009165674
-0.7798536891323117
-0.05086357853024748
0.21187608464251936
-0.5883837004598236
0.015311221878494027
0.3614288530607572
-0.8293605312989881
-0.11398590093517143
-0.21013630218876034
0.3917337822619775
0.4739066713922214
0.19293659095615007
0.4163830160562405
-0.5066525967868246
-0.42446774113514746
0.14196037909901638
0.18925485707445877
-0.7708830312446132
0.6172470692819638
0.6130044776114709
0.05470204015939606
-0.3932316602396895
0.7630111519311906
0.41472409115859254
0.0048949063970412515
-0.6820330596281136
-0.07837678501082589
-0.41602856694621265
0.35666610878463045
0.7706094664827763
0.13730155892477952
-0.24730279914124795
0.5491159904507044
0.4332520882517111
0.42035695830835607
-0.2919580316870474
-0.21996810634952985
-0.05160971469453524
-0.3500668837123557
-0.46922640864270554
-0.6218624752120356
0.5011183411691917
0.4588664358655643
0.678101827876754
-0.2933306191132784
-0.15587295188580438
0.3126157668433147
-0.572858936118895
-1.0
0.30293414939700075
-0.6621133280528428
-0.524733388647008
-0.42589087338136844
-0.04274712359029137
-0.9399440541255605
0.5540114223552466
0.014337546470986243
-0.1919428590199196
-0.8367428901808364
-0.48337227688471895
0.19117025366555024
0.05864484222895994
-0.7680027478404374
-0.8495223127888725
0.11348636686620535
0.4436707348287979
-0.6901567844489802
-0.6098878453661256
0.06951916940004685
0.19639606099748536
-0.6580981813836018
0.6408152705210768
0.08857445355357839
0.05534421794543254
0.30188832509294894
-0.03429904354491374
0.8352720143009864
-0.3450926194229356
-0.5349096518082777
-0.3876399603007973
-0.20795069382570233
-0.06191152785183001
0.5351833607604657
-0.8152756526276537
-0.4767142663694435
-0.29990793341277083
-0.3462081020257287
0.6717704466362993
0.5368390709996136
0.8102561448937777
0.20537471671662355
0.6722751143443476
-0.33669752272763265
0.1335541876674149
0.26772671687576366
1.0
0.4024566905748982
-0.35928113620547075
-0.006735622407899329
-0.41148292773914197
0.8654155660479425
-0.2799926348236925
0.11004044763135301
-0.07155137690360637
0.27159271437103355
-0.21726832506158222
0.37406406417534327
0.3383514100415103
-0.1281312705500384
-0.07028136164938016
0.655250382568332
0.13554952846786905
0.037664880521564525
0.7298408691901416
0.038138437636296596
0.601484104760551
0.9932114520252018
0.4983642796639171
-0.7225967593140957
0.38640005431693353
0.1640307929466997
-0.32689517357326797
-0.9234225705883549
0.3324858083247865
0.1887076257268486
0.6350634442174932
-0.24048431631768397
