
 RUN 0 GENERATION 0  -30.0  56.890752  -2.474804  10.37684
 RUN 0 GENERATION 1  100.0  94.785064  5.213333  18.112073
 RUN 0 GENERATION 2  100.0  94.785064  18.038855  20.694682
 RUN 0 GENERATION 3  100.0  94.785064  20.443666  20.439485
 RUN 0 GENERATION 4  100.0  94.785064  26.987596  22.700631
 RUN 0 GENERATION 5  100.0  94.785064  22.40483  21.23869
 RUN 0 GENERATION 6  100.0  94.785064  23.168058  21.951942
 RUN 0 GENERATION 0  -36.336602  20.476974  -4.831599  4.876142
 RUN 0 GENERATION 1  -44.194475  21.265932  -1.871029  8.087683
 RUN 0 GENERATION 2  -16.982651  36.11813  0.704187  10.183479
 RUN 0 GENERATION 3  -21.164899  42.798456  5.770058  12.787632
 RUN 0 GENERATION 4  -21.164899  42.798456  8.095491  12.369318
 RUN 0 GENERATION 5  -21.164899  42.798456  10.129291  12.196642
 RUN 0 GENERATION 6  -15.857864  43.736948  10.307089  13.008113
 RUN 0 GENERATION 7  -15.857864  43.736948  10.491935  11.986774
 RUN 0 GENERATION 8  -15.857864  43.736948  10.694285  12.308758
 RUN 0 GENERATION 9  -15.857864  43.736948  14.62799  10.336065
 RUN 0 GENERATION 10  -15.857864  43.927985  15.731842  10.077432
 RUN 0 GENERATION 11  -15.857864  43.927985  14.068443  10.361751
 RUN 0 GENERATION 12  -15.857864  43.927985  13.917861  10.500652
 RUN 0 GENERATION 13  -15.857864  43.927985  14.36895  10.411407
 RUN 0 GENERATION 14  -15.857864  43.927985  13.031033  11.300488
 RUN 0 GENERATION 15  -15.857864  43.927985  14.319238  10.884055
 RUN 0 GENERATION 16  -15.857864  43.927985  15.381426  9.877289
 RUN 0 GENERATION 17  -15.857864  43.927985  13.889026  10.992771
 RUN 0 GENERATION 18  -15.857864  43.927985  14.645802  10.365407
 RUN 0 GENERATION 19  -15.857864  43.927985  12.455948  11.404673
 RUN 0 GENERATION 20  -15.857864  43.927985  10.62797  12.234158
 RUN 0 GENERATION 21  -15.857864  43.927985  11.722541  11.628022
 RUN 0 GENERATION 22  -15.857864  43.927985  10.327802  12.122403
 RUN 0 GENERATION 23  -15.857864  43.927985  14.690761  10.216333
 RUN 0 GENERATION 24  -15.857864  43.927985  14.277882  10.466027
 RUN 0 GENERATION 25  -15.857864  43.927985  14.288669  10.067353
 RUN 0 GENERATION 26  -15.857864  43.927985  12.992821  11.119982
 RUN 0 GENERATION 27  -15.857864  43.927985  13.909709  10.597439
 RUN 0 GENERATION 28  -15.857864  43.927985  13.389679  10.775647
 RUN 0 GENERATION 29  -15.857864  43.927985  12.462471  11.237248
 RUN 0 GENERATION 0  -45.857864  17.535273  -4.889654  4.0857
 RUN 0 GENERATION 1  -31.835034  40.181576  -1.119377  9.435962
 RUN 0 GENERATION 2  -31.835034  40.181576  5.372483  11.446949
 RUN 0 GENERATION 3  -31.835034  40.181576  10.741212  11.87467
 RUN 0 GENERATION 4  -31.835034  40.181576  13.221377  11.272594
 RUN 0 GENERATION 5  -31.835034  40.181576  11.035029  11.838698
 RUN 0 GENERATION 6  -31.835034  40.181576  13.116477  10.867613
 RUN 0 GENERATION 7  -31.835034  40.181576  14.974014  9.964253
 RUN 0 GENERATION 8  -9.669935  44.825359  13.455385  11.403165
 RUN 0 GENERATION 9  -21.952621  55.761489  16.078554  10.59124
 RUN 0 GENERATION 10  -21.952621  55.761489  15.164697  10.545673
 RUN 0 GENERATION 11  -21.952621  55.761489  15.116473  10.616896
 RUN 0 GENERATION 12  -21.952621  55.761489  11.907344  12.516984
 RUN 0 GENERATION 13  -21.952621  55.761489  15.957544  10.795377
 RUN 0 GENERATION 14  -21.952621  55.761489  14.08826  11.878013
 RUN 0 GENERATION 15  -21.952621  55.761489  12.624683  11.847718
 RUN 0 GENERATION 16  -21.952621  55.761489  15.628239  10.590303
 RUN 0 GENERATION 17  -21.952621  55.761489  15.369494  10.65991
 RUN 0 GENERATION 18  -21.952621  55.761489  16.113807  10.201418
 RUN 0 GENERATION 19  -21.952621  55.761489  15.547672  9.570177
 RUN 0 GENERATION 20  -21.952621  55.761489  15.068225  10.842744
 RUN 0 GENERATION 21  -21.952621  55.761489  14.403281  11.675667
 RUN 0 GENERATION 22  -21.952621  55.761489  14.272654  10.659471
 RUN 0 GENERATION 23  -21.952621  55.761489  15.564941  10.241324
 RUN 0 GENERATION 24  -21.952621  55.761489  13.830196  11.373349
 RUN 0 GENERATION 25  -21.952621  55.761489  16.793601  10.19359
 RUN 0 GENERATION 26  -21.952621  55.761489  15.091201  10.634405
 RUN 0 GENERATION 27  -21.952621  55.761489  16.913924  9.465787
 RUN 0 GENERATION 28  -21.952621  55.761489  15.279419  10.567082
 RUN 0 GENERATION 29  -21.952621  55.761489  15.911504  9.406509
 RUN 0 GENERATION 30  -21.952621  55.761489  16.201357  9.63012
 RUN 0 GENERATION 31  -21.952621  55.761489  16.312916  9.610231
 RUN 0 GENERATION 32  -21.952621  55.761489  13.555864  11.68787
 RUN 0 GENERATION 33  -21.952621  55.761489  15.667748  9.616724
 RUN 0 GENERATION 34  -21.952621  55.761489  17.645364  8.455917
 RUN 0 GENERATION 35  -21.952621  55.761489  16.067885  10.078768
 RUN 0 GENERATION 36  -21.952621  55.761489  16.79362  9.83334
 RUN 0 GENERATION 0  -16.61203  40.973509  -3.560975  9.930169
 RUN 0 GENERATION 1  21.348911  42.162179  1.203459  14.370152
 RUN 0 GENERATION 2  21.348911  42.162179  6.048477  17.546864
 RUN 0 GENERATION 3  22.78681  42.29489  9.597273  17.942003
 RUN 0 GENERATION 4  22.78681  42.29489  18.260731  17.424012
 RUN 0 GENERATION 5  22.78681  42.29489  22.018085  17.656722
 RUN 0 GENERATION 6  -12.781641  44.314136  18.873924  17.965558
 RUN 0 GENERATION 7  -12.781641  44.314136  22.068263  17.491596
 RUN 0 GENERATION 8  -18.238338  46.695412  23.525368  16.686285
 RUN 0 GENERATION 9  19.221565  56.682873  25.974037  15.433378
 RUN 0 GENERATION 10  19.221565  56.682873  22.094261  18.246653
 RUN 0 GENERATION 11  19.221565  56.682873  24.640527  15.191132
 RUN 0 GENERATION 12  19.221565  56.682873  23.268542  17.148075
 RUN 0 GENERATION 13  19.221565  56.682873  24.299284  16.894712
 RUN 0 GENERATION 14  19.221565  56.682873  27.983809  14.64834
 RUN 0 GENERATION 15  19.221565  56.682873  25.517685  15.414822
 RUN 0 GENERATION 16  19.221565  56.682873  27.570686  13.869713
 RUN 0 GENERATION 17  19.221565  56.682873  25.800321  16.359765
 RUN 0 GENERATION 18  19.221565  56.682873  26.459185  15.453646
 RUN 0 GENERATION 19  18.038717  63.956434  26.177809  15.955669
 RUN 0 GENERATION 20  18.038717  63.956434  28.437602  14.363708
 RUN 0 GENERATION 21  18.038717  63.956434  27.751099  15.419744
 RUN 0 GENERATION 22  18.038717  63.956434  26.401451  16.111961
 RUN 0 GENERATION 23  18.038717  63.956434  22.70719  17.776375
 RUN 0 GENERATION 24  18.038717  63.956434  21.664859  19.002092
 RUN 0 GENERATION 25  18.038717  63.956434  27.388734  14.523006
 RUN 0 GENERATION 26  -13.025931  72.914537  25.281432  16.601072
 RUN 0 GENERATION 27  -13.025931  72.914537  25.845171  16.616384
 RUN 0 GENERATION 28  -13.025931  72.914537  24.676225  17.240859
 RUN 0 GENERATION 29  -13.025931  72.914537  23.509041  18.49882
 RUN 0 GENERATION 30  -13.025931  72.914537  25.687863  16.81451
 RUN 0 GENERATION 31  -13.025931  72.914537  24.114839  17.0593
 RUN 0 GENERATION 32  -13.025931  72.914537  25.571811  16.173197
 RUN 0 GENERATION 33  -13.025931  72.914537  25.854739  17.568587
 RUN 0 GENERATION 34  -13.025931  72.914537  24.14889  17.535314
 RUN 0 GENERATION 35  -13.025931  72.914537  27.533115  15.26649
 RUN 0 GENERATION 36  -13.025931  72.914537  25.926203  16.310651
 RUN 0 GENERATION 37  -13.025931  72.914537  27.071939  16.039632
 RUN 0 GENERATION 38  -13.025931  72.914537  22.733575  17.46136
 RUN 0 GENERATION 39  -13.025931  72.914537  24.116781  17.205138
 RUN 0 GENERATION 40  -13.025931  72.914537  25.078846  17.373636
 RUN 0 GENERATION 41  -13.025931  72.914537  24.729934  16.871082
 RUN 0 GENERATION 42  -13.025931  72.914537  24.724212  16.741402
 RUN 0 GENERATION 43  -13.025931  72.914537  28.144561  16.156553
 RUN 0 GENERATION 44  -13.025931  72.914537  25.926398  16.012878
 RUN 0 GENERATION 45  -13.025931  72.914537  23.309597  18.801562
 RUN 0 GENERATION 46  -13.025931  72.914537  22.437733  16.861393
 RUN 0 GENERATION 47  -13.025931  72.914537  20.195134  19.243849
 RUN 0 GENERATION 48  -13.025931  72.914537  21.69565  16.864543
 RUN 0 GENERATION 49  -13.025931  72.914537  24.654594  17.394776
 RUN 0 GENERATION 0  22.729623  34.919683  -3.2612  8.964014
 RUN 0 GENERATION 1  22.729623  34.919683  0.978959  13.86866
 RUN 0 GENERATION 2  22.263461  42.235714  10.02854  16.761794
 RUN 0 GENERATION 3  21.057627  49.49418  21.812668  16.638908
 RUN 0 GENERATION 4  21.057627  49.49418  22.174008  16.092367
 RUN 0 GENERATION 5  21.057627  49.49418  27.05428  14.186062
 RUN 0 GENERATION 6  -17.593915  52.293585  28.452063  13.928715
 RUN 0 GENERATION 7  -15.558451  62.563303  27.472425  14.750423
 RUN 0 GENERATION 8  -15.558451  62.563303  26.785287  15.362155
 RUN 0 GENERATION 9  -15.558451  62.563303  27.020997  15.608737
 RUN 0 GENERATION 10  -15.558451  62.563303  27.887262  14.109174
 RUN 0 GENERATION 11  -15.558451  62.563303  29.703187  13.2449
 RUN 0 GENERATION 12  -15.558451  62.563303  30.909363  11.602423
 RUN 0 GENERATION 13  -15.558451  62.563303  29.56154  13.19497
 RUN 0 GENERATION 14  -15.558451  62.563303  29.694676  13.464751
 RUN 0 GENERATION 15  -15.558451  62.563303  29.251052  14.179815
 RUN 0 GENERATION 16  -15.558451  62.563303  30.454626  12.682259
 RUN 0 GENERATION 17  -15.558451  62.563303  31.397513  10.659505
 RUN 0 GENERATION 18  -15.558451  62.563303  32.551869  9.252366
 RUN 0 GENERATION 19  -15.558451  62.563303  28.69445  13.732368
 RUN 0 GENERATION 20  -15.558451  62.563303  32.8363  8.598334
 RUN 0 GENERATION 21  -15.558451  62.563303  32.279832  9.496009
 RUN 0 GENERATION 22  15.771687  71.046491  31.888004  12.176401
 RUN 0 GENERATION 23  15.771687  71.046491  30.943386  12.058507
 RUN 0 GENERATION 24  15.771687  71.046491  31.831509  11.530272
 RUN 0 GENERATION 25  15.771687  71.046491  31.106945  12.027631
 RUN 0 GENERATION 26  15.771687  71.046491  31.208228  12.3681
 RUN 0 GENERATION 27  15.771687  71.046491  30.2205  13.504106
 RUN 0 GENERATION 28  15.771687  71.046491  30.461972  13.637014
 RUN 0 GENERATION 29  15.771687  71.046491  32.353121  11.932924
 RUN 0 GENERATION 30  15.771687  71.046491  30.618882  12.080639
 RUN 0 GENERATION 31  15.771687  71.046491  30.54547  13.155963
 RUN 0 GENERATION 32  69.991269  91.211521  32.184809  13.487016
 RUN 0 GENERATION 33  69.991269  91.211521  31.303083  14.420153
 RUN 0 GENERATION 34  69.991269  91.211521  31.396766  15.57987
 RUN 0 GENERATION 35  69.991269  91.211521  31.142013  13.18558
 RUN 0 GENERATION 36  69.991269  91.211521  34.300252  13.597902
 RUN 0 GENERATION 37  69.991269  91.211521  31.91171  13.513478
 RUN 0 GENERATION 38  69.991269  91.211521  31.471805  14.612535
 RUN 0 GENERATION 39  69.991269  91.211521  32.472158  14.197437
 RUN 0 GENERATION 40  69.991269  91.211521  32.965288  13.170792
 RUN 0 GENERATION 41  69.991269  91.211521  32.963031  12.207347
 RUN 0 GENERATION 42  69.991269  91.211521  32.967784  15.777
 RUN 0 GENERATION 43  69.991269  91.211521  32.092818  16.683699
 RUN 0 GENERATION 44  69.991269  91.211521  32.035664  14.70895
 RUN 0 GENERATION 45  69.991269  91.211521  31.663927  13.176796
 RUN 0 GENERATION 46  69.991269  91.211521  33.152658  13.687365
 RUN 0 GENERATION 47  69.991269  91.211521  35.363915  11.782182
 RUN 0 GENERATION 48  69.991269  91.211521  33.921045  15.005664
 RUN 0 GENERATION 49  69.991269  91.211521  34.19808  13.881427
 RUN 0 GENERATION 0  22.729623  34.919683  -4.028611  8.726452
 RUN 0 GENERATION 1  -19.719368  36.719561  2.264579  15.452942
 RUN 0 GENERATION 2  -10.562388  39.634152  11.969967  17.880452
 RUN 0 GENERATION 3  -9.99766  53.592903  15.698358  18.831047
 RUN 0 GENERATION 4  -9.99766  53.592903  20.841159  17.804423
 RUN 0 GENERATION 5  -9.99766  53.592903  19.526508  19.353941
 RUN 0 GENERATION 6  -9.99766  53.592903  23.850441  16.85783
 RUN 0 GENERATION 7  -9.99766  53.592903  21.354043  17.286441
 RUN 0 GENERATION 8  -9.99766  53.592903  21.575085  17.539583
 RUN 0 GENERATION 9  -9.99766  53.592903  22.094679  17.374082
 RUN 0 GENERATION 10  -9.99766  53.592903  25.70672  14.855703
 RUN 0 GENERATION 11  -9.99766  53.592903  24.29337  17.247657
 RUN 0 GENERATION 12  23.940997  57.24627  26.123642  16.052422
 RUN 0 GENERATION 13  23.940997  57.24627  28.245338  14.197823
 RUN 0 GENERATION 14  23.940997  57.24627  26.113082  15.064612
 RUN 0 GENERATION 15  23.940997  57.24627  24.98794  16.734991
 RUN 0 GENERATION 16  23.940997  57.24627  26.532029  14.979819
 RUN 0 GENERATION 17  23.940997  57.24627  24.003836  16.358969
 RUN 0 GENERATION 18  23.940997  57.24627  21.071513  18.018391
 RUN 0 GENERATION 19  23.940997  57.24627  22.562778  16.82255
 RUN 0 GENERATION 20  23.940997  57.24627  24.52006  16.48879
 RUN 0 GENERATION 21  23.940997  57.24627  24.596264  16.965267
 RUN 0 GENERATION 22  23.940997  57.24627  22.40657  17.16697
 RUN 0 GENERATION 23  23.940997  57.24627  25.090471  14.293915
 RUN 0 GENERATION 24  23.940997  57.24627  25.226563  14.85774
 RUN 0 GENERATION 25  20.204099  71.542785  24.543209  16.826035
 RUN 0 GENERATION 26  20.204099  71.542785  24.843435  16.066591
 RUN 0 GENERATION 27  20.204099  71.542785  27.142179  14.638775
 RUN 0 GENERATION 28  20.204099  71.542785  26.246659  15.225501
 RUN 0 GENERATION 29  20.204099  71.542785  20.575519  19.266744
 RUN 0 GENERATION 30  20.204099  71.542785  24.638287  17.280993
 RUN 0 GENERATION 31  20.204099  71.542785  27.484887  14.758239
 RUN 0 GENERATION 32  20.204099  71.542785  24.376818  16.896518
 RUN 0 GENERATION 33  20.204099  71.542785  25.019558  17.430749
 RUN 0 GENERATION 34  20.204099  71.542785  24.881103  16.964837
 RUN 0 GENERATION 35  20.204099  71.542785  24.579095  17.393723
 RUN 0 GENERATION 36  20.204099  71.542785  24.60205  16.534046
 RUN 0 GENERATION 37  20.204099  71.542785  26.676558  15.388072
 RUN 0 GENERATION 38  20.204099  71.542785  25.224751  15.565386
 RUN 0 GENERATION 39  20.204099  71.542785  25.248459  17.012038
 RUN 0 GENERATION 40  20.204099  71.542785  24.195892  17.002346
 RUN 0 GENERATION 41  20.204099  71.542785  28.708612  13.75274
 RUN 0 GENERATION 42  20.204099  71.542785  26.268808  15.981424
 RUN 0 GENERATION 43  20.204099  71.542785  27.492761  14.829165
 RUN 0 GENERATION 44  20.204099  71.542785  25.222937  15.794232
 RUN 0 GENERATION 45  20.204099  71.542785  25.672007  15.807747
 RUN 0 GENERATION 46  20.204099  71.542785  24.308096  17.111825
 RUN 0 GENERATION 47  20.204099  71.542785  25.847139  14.418108
 RUN 0 GENERATION 48  20.204099  71.542785  26.187654  15.40306
 RUN 0 GENERATION 49  20.204099  71.542785  26.79931  14.149402
 RUN 0 GENERATION 0  22.729623  34.919683  -4.166992  8.811075
 RUN 0 GENERATION 1  21.709886  49.46616  1.719152  13.721798
 RUN 0 GENERATION 2  21.709886  49.46616  5.610862  16.813259
 RUN 0 GENERATION 3  21.709886  49.46616  11.481641  18.388802
 RUN 0 GENERATION 4  21.709886  49.46616  15.233725  18.803999
 RUN 0 GENERATION 5  21.709886  49.46616  19.116214  17.565015
 RUN 0 GENERATION 6  21.709886  49.46616  19.683084  18.14853
 RUN 0 GENERATION 7  21.286139  64.303243  21.342269  19.403053
 RUN 0 GENERATION 8  21.286139  64.303243  22.762839  17.062292
 RUN 0 GENERATION 9  21.286139  64.303243  22.91491  17.400701
 RUN 0 GENERATION 10  21.286139  64.303243  23.960389  17.002022
 RUN 0 GENERATION 11  21.286139  64.303243  23.094154  17.728798
 RUN 0 GENERATION 12  21.286139  64.303243  23.153168  17.312001
 RUN 0 GENERATION 13  21.286139  64.303243  27.499738  15.053336
 RUN 0 GENERATION 14  17.267953  71.272454  24.88779  17.02933
 RUN 0 GENERATION 15  17.267953  71.272454  22.773917  18.08879
 RUN 0 GENERATION 16  17.267953  71.272454  23.828017  17.791384
 RUN 0 GENERATION 17  17.267953  71.272454  25.09559  17.303213
 RUN 0 GENERATION 18  17.267953  71.272454  28.262834  15.037296
 RUN 0 GENERATION 19  17.957402  71.398912  26.041456  17.467593
 RUN 0 GENERATION 20  17.957402  71.398912  26.72994  15.836043
 RUN 0 GENERATION 21  17.957402  71.398912  26.786274  16.076152
 RUN 0 GENERATION 22  17.957402  71.398912  23.23547  18.05449
 RUN 0 GENERATION 23  17.957402  71.398912  26.966202  15.411006
 RUN 0 GENERATION 24  17.957402  71.398912  27.687129  14.973739
 RUN 0 GENERATION 25  17.957402  71.398912  23.893938  16.654204
 RUN 0 GENERATION 26  17.957402  71.398912  25.580395  16.857706
 RUN 0 GENERATION 27  17.957402  71.398912  27.31493  15.398205
 RUN 0 GENERATION 28  17.957402  71.398912  25.852116  16.05704
 RUN 0 GENERATION 29  17.957402  71.398912  25.710322  16.621189
 RUN 0 GENERATION 30  17.957402  71.398912  25.015793  16.25802
 RUN 0 GENERATION 31  17.957402  71.398912  25.193564  15.878252
 RUN 0 GENERATION 32  17.957402  71.398912  25.477562  15.632998
 RUN 0 GENERATION 33  17.957402  71.398912  26.494966  16.675921
 RUN 0 GENERATION 34  17.957402  71.398912  22.971517  17.75974
 RUN 0 GENERATION 35  17.957402  71.398912  26.264258  16.362066
 RUN 0 GENERATION 36  17.957402  71.398912  28.708592  14.038641
 RUN 0 GENERATION 37  17.957402  71.398912  25.636591  16.227059
 RUN 0 GENERATION 38  17.957402  71.398912  24.690608  16.07644
 RUN 0 GENERATION 39  17.957402  71.398912  27.327754  15.465207
 RUN 0 GENERATION 40  17.957402  71.398912  25.144868  16.350895
 RUN 0 GENERATION 41  17.957402  71.398912  25.864864  16.411598
 RUN 0 GENERATION 42  17.957402  71.398912  24.063914  18.690793
 RUN 0 GENERATION 43  17.957402  71.398912  25.824667  17.109103
 RUN 0 GENERATION 44  17.957402  71.398912  22.044339  17.346627
 RUN 0 GENERATION 45  17.957402  71.398912  26.605426  16.025768
 RUN 0 GENERATION 46  17.957402  71.398912  27.344  14.323607
 RUN 0 GENERATION 47  15.92654  78.522269  23.825861  17.800912
 RUN 0 GENERATION 48  15.92654  78.522269  26.52367  17.576552
 RUN 0 GENERATION 49  15.92654  78.522269  25.619325  15.941261
 RUN 0 GENERATION 50  15.92654  78.522269  26.3467  15.976101
 RUN 0 GENERATION 51  15.92654  78.522269  27.076744  14.667313
 RUN 0 GENERATION 52  15.92654  78.522269  23.037408  17.209723
 RUN 0 GENERATION 53  15.92654  78.522269  24.36329  17.728306
 RUN 0 GENERATION 54  15.92654  78.522269  23.677054  16.549702
 RUN 0 GENERATION 55  15.92654  78.522269  26.414045  16.143296
 RUN 0 GENERATION 56  15.92654  78.522269  29.447766  13.289844
 RUN 0 GENERATION 57  15.92654  78.522269  28.783262  15.584925
 RUN 0 GENERATION 58  15.92654  78.522269  23.366824  17.715825
 RUN 0 GENERATION 59  15.92654  78.522269  27.670354  17.58499
 RUN 1 GENERATION 0  -14.272809  44.050165  -2.285382  11.241213
 RUN 1 GENERATION 1  -11.373315  44.290593  1.55624  13.801672
 RUN 1 GENERATION 2  -7.792316  60.835854  6.959445  17.094213
 RUN 1 GENERATION 3  -7.792316  60.835854  12.374191  16.699951
 RUN 1 GENERATION 4  -7.792316  60.835854  16.60127  17.718873
 RUN 1 GENERATION 5  -7.792316  60.835854  18.483343  17.694098
 RUN 1 GENERATION 6  -7.792316  60.835854  26.192408  15.932818
 RUN 1 GENERATION 7  -7.792316  60.835854  24.065788  16.483875
 RUN 1 GENERATION 8  -7.792316  60.835854  25.748587  15.566484
 RUN 1 GENERATION 9  -7.792316  60.835854  22.710502  16.909116
 RUN 1 GENERATION 10  -7.792316  60.835854  20.415699  17.151282
 RUN 1 GENERATION 11  -7.792316  60.835854  23.124338  16.129764
 RUN 1 GENERATION 12  -7.792316  60.835854  24.76973  15.913427
 RUN 1 GENERATION 13  -7.792316  60.835854  26.391418  15.008254
 RUN 1 GENERATION 14  -7.792316  60.835854  23.488503  16.755583
 RUN 1 GENERATION 15  -7.792316  60.835854  23.114875  17.255471
 RUN 1 GENERATION 16  -7.792316  60.835854  24.773321  16.149456
 RUN 1 GENERATION 17  73.835535  91.95325  27.973129  15.849097
 RUN 1 GENERATION 18  73.835535  91.95325  27.516598  16.493485
 RUN 1 GENERATION 19  73.835535  91.95325  25.867979  16.623271
 RUN 1 GENERATION 20  73.835535  91.95325  29.686979  12.656306
 RUN 1 GENERATION 21  73.835535  91.95325  27.446509  15.702254
 RUN 1 GENERATION 22  73.835535  91.95325  27.25474  16.104258
 RUN 1 GENERATION 23  73.835535  91.95325  23.503019  17.49133
 RUN 1 GENERATION 24  73.835535  91.95325  27.403714  15.888106
 RUN 1 GENERATION 25  73.835535  91.95325  26.515648  16.799588
 RUN 1 GENERATION 26  73.835535  91.95325  24.024461  17.217594
 RUN 1 GENERATION 27  73.835535  91.95325  24.607809  16.228088
 RUN 1 GENERATION 28  73.835535  91.95325  25.479527  17.661139
 RUN 1 GENERATION 29  73.835535  91.95325  28.111358  14.313978
 RUN 1 GENERATION 30  73.835535  91.95325  23.948818  17.281315
 RUN 1 GENERATION 31  73.835535  91.95325  24.515548  17.631293
 RUN 1 GENERATION 32  73.835535  91.95325  26.66228  15.313257
 RUN 1 GENERATION 33  73.835535  91.95325  26.784504  16.480997
 RUN 1 GENERATION 34  73.835535  91.95325  26.572634  16.852754
 RUN 1 GENERATION 35  73.835535  91.95325  25.286489  18.079448
 RUN 1 GENERATION 36  73.835535  91.95325  24.609457  17.341116
 RUN 1 GENERATION 37  73.835535  91.95325  27.521266  15.937119
 RUN 1 GENERATION 38  73.835535  91.95325  30.330568  13.746693
 RUN 1 GENERATION 39  73.835535  91.95325  28.23286  15.208474
 RUN 1 GENERATION 40  73.835535  91.95325  28.368291  15.587672
 RUN 1 GENERATION 41  73.835535  91.95325  28.299212  14.396471
 RUN 1 GENERATION 42  73.835535  91.95325  27.674115  15.582988
 RUN 1 GENERATION 43  73.835535  91.95325  26.12533  16.057574
 RUN 1 GENERATION 44  73.835535  91.95325  24.206102  18.133642
 RUN 1 GENERATION 45  73.835535  91.95325  25.376416  17.03995
 RUN 1 GENERATION 46  73.835535  91.95325  24.541455  18.518679
 RUN 1 GENERATION 47  73.835535  91.95325  27.034897  16.111271
 RUN 1 GENERATION 48  73.835535  91.95325  27.017545  15.968839
 RUN 1 GENERATION 49  73.835535  91.95325  25.81139  16.130354
 RUN 1 GENERATION 50  73.835535  91.95325  27.373522  15.998062
 RUN 1 GENERATION 51  73.835535  91.95325  21.939603  19.300573
 RUN 1 GENERATION 52  73.835535  91.95325  25.482687  17.099761
 RUN 1 GENERATION 53  73.835535  91.95325  26.039  17.041853
 RUN 1 GENERATION 54  73.835535  91.95325  23.274583  17.777785
 RUN 1 GENERATION 55  73.835535  91.95325  26.463768  16.177001
 RUN 1 GENERATION 56  73.835535  91.95325  27.924832  16.232717
 RUN 1 GENERATION 57  73.835535  91.95325  26.280046  16.240389
 RUN 1 GENERATION 58  73.835535  91.95325  27.516197  16.589236
 RUN 1 GENERATION 59  73.835535  91.95325  25.953845  16.041891
 RUN 2 GENERATION 0  -17.511073  52.547908  -2.589883  11.414564
 RUN 2 GENERATION 1  -17.511073  52.547908  5.740645  16.935021
 RUN 2 GENERATION 2  23.156698  57.213301  10.196652  18.479781
 RUN 2 GENERATION 3  23.156698  57.213301  17.420121  18.472703
 RUN 2 GENERATION 4  23.156698  57.213301  22.341095  17.965674
 RUN 2 GENERATION 5  23.156698  57.213301  22.327658  17.914649
 RUN 2 GENERATION 6  23.156698  57.213301  17.728974  17.970676
 RUN 2 GENERATION 7  23.156698  57.213301  21.351087  18.122053
 RUN 2 GENERATION 8  23.156698  57.213301  19.307617  17.638317
 RUN 2 GENERATION 9  23.156698  57.213301  20.255402  17.999615
 RUN 2 GENERATION 10  23.156698  57.213301  22.382973  16.986001
 RUN 2 GENERATION 11  16.148028  78.536747  21.644113  18.942068
 RUN 2 GENERATION 12  16.148028  78.536747  19.865017  18.337029
 RUN 2 GENERATION 13  16.148028  78.536747  24.062046  17.745938
 RUN 2 GENERATION 14  16.148028  78.536747  21.791852  18.800347
 RUN 2 GENERATION 15  16.148028  78.536747  23.48038  17.970401
 RUN 2 GENERATION 16  16.148028  78.536747  27.794804  15.589624
 RUN 2 GENERATION 17  16.148028  78.536747  24.846277  17.503987
 RUN 2 GENERATION 18  16.148028  78.536747  24.022956  18.136653
 RUN 2 GENERATION 19  16.148028  78.536747  25.774892  15.621852
 RUN 2 GENERATION 20  16.148028  78.536747  20.76133  18.064117
 RUN 2 GENERATION 21  16.148028  78.536747  24.584525  16.677639
 RUN 2 GENERATION 22  16.148028  78.536747  23.120631  17.494992
 RUN 2 GENERATION 23  16.148028  78.536747  22.487491  17.25523
 RUN 2 GENERATION 24  16.148028  78.536747  28.445759  15.178386
 RUN 2 GENERATION 25  16.148028  78.536747  22.698698  18.405553
 RUN 2 GENERATION 26  16.148028  78.536747  24.405005  16.986415
 RUN 2 GENERATION 27  16.148028  78.536747  27.455801  15.841795
 RUN 2 GENERATION 28  16.148028  78.536747  28.416764  15.395526
 RUN 2 GENERATION 29  17.188388  78.664105  26.821456  17.080713
 RUN 2 GENERATION 30  17.188388  78.664105  26.422955  16.357868
 RUN 2 GENERATION 31  17.188388  78.664105  26.911648  15.199501
 RUN 2 GENERATION 32  17.188388  78.664105  21.034709  18.809731
 RUN 2 GENERATION 33  17.188388  78.664105  25.106344  16.443925
 RUN 2 GENERATION 34  17.188388  78.664105  25.292322  15.732301
 RUN 2 GENERATION 35  17.188388  78.664105  27.430506  16.339083
 RUN 2 GENERATION 36  17.188388  78.664105  26.450188  16.484566
 RUN 2 GENERATION 37  17.188388  78.664105  25.332794  15.452333
 RUN 2 GENERATION 38  17.188388  78.664105  27.483389  14.745397
 RUN 2 GENERATION 39  17.188388  78.664105  27.277485  15.496863
 RUN 2 GENERATION 40  17.188388  78.664105  29.386588  13.574487
 RUN 2 GENERATION 41  17.188388  78.664105  27.195335  15.613726
 RUN 2 GENERATION 42  17.188388  78.664105  28.771159  13.594786
 RUN 2 GENERATION 43  17.188388  78.664105  27.032445  15.861726
 RUN 2 GENERATION 44  17.188388  78.664105  25.8078  15.272664
 RUN 2 GENERATION 45  17.188388  78.664105  24.524844  16.087079
 RUN 2 GENERATION 46  17.188388  78.664105  28.542278  14.122078
 RUN 2 GENERATION 47  17.188388  78.664105  27.028761  15.523347
 RUN 2 GENERATION 48  17.188388  78.664105  25.206779  15.966854
 RUN 2 GENERATION 49  17.188388  78.664105  24.864869  15.486061
 RUN 2 GENERATION 50  17.188388  78.664105  27.694379  14.793103
 RUN 2 GENERATION 51  17.188388  78.664105  26.987162  13.934638
 RUN 2 GENERATION 52  17.188388  78.664105  25.72982  14.950869
 RUN 2 GENERATION 53  17.188388  78.664105  26.589284  16.232264
 RUN 2 GENERATION 54  17.188388  78.664105  24.48366  17.179141
 RUN 2 GENERATION 55  17.188388  78.664105  22.871726  18.726976
 RUN 2 GENERATION 56  17.188388  78.664105  27.190705  13.672916
 RUN 2 GENERATION 57  17.188388  78.664105  25.368637  16.425383
 RUN 2 GENERATION 58  17.188388  78.664105  28.129488  12.592774
 RUN 2 GENERATION 59  17.188388  78.664105  28.651115  14.563584
 RUN 3 GENERATION 0  22.729623  34.919683  -3.463063  9.866355
 RUN 3 GENERATION 1  22.729623  34.919683  1.147105  12.186259
 RUN 3 GENERATION 2  21.348911  42.02554  10.467675  18.166387
 RUN 3 GENERATION 3  19.858488  42.051238  18.79351  17.139744
 RUN 3 GENERATION 4  19.858488  42.051238  20.592289  17.941531
 RUN 3 GENERATION 5  -17.658439  46.748261  20.792736  17.128445
 RUN 3 GENERATION 6  -17.658439  46.748261  22.992128  16.777402
 RUN 3 GENERATION 7  -17.658439  46.748261  24.563071  14.958551
 RUN 3 GENERATION 8  -11.188867  60.616245  25.739673  15.801069
 RUN 3 GENERATION 9  15.670172  71.079917  26.116556  16.78204
 RUN 3 GENERATION 10  15.670172  71.079917  25.645609  15.388946
 RUN 3 GENERATION 11  15.670172  71.079917  25.181602  16.432886
 RUN 3 GENERATION 12  17.769257  71.328763  27.296141  15.548987
 RUN 3 GENERATION 13  17.769257  71.328763  25.797975  16.806205
 RUN 3 GENERATION 14  17.769257  71.328763  26.737297  16.082168
 RUN 3 GENERATION 15  17.769257  71.328763  25.172402  17.007298
 RUN 3 GENERATION 16  17.769257  71.328763  26.508719  14.405117
 RUN 3 GENERATION 17  17.769257  71.328763  27.96026  15.087506
 RUN 3 GENERATION 18  17.769257  71.328763  27.389368  14.811891
 RUN 3 GENERATION 19  17.769257  71.328763  25.845394  16.738677
 RUN 3 GENERATION 20  17.769257  71.328763  28.845256  13.663752
 RUN 3 GENERATION 21  17.769257  71.328763  29.780838  13.089697
 RUN 3 GENERATION 22  17.769257  71.328763  25.873024  15.925342
 RUN 3 GENERATION 23  17.769257  71.328763  26.471833  16.185275
 RUN 3 GENERATION 24  17.769257  71.328763  27.699302  15.021606
 RUN 3 GENERATION 25  17.769257  71.328763  26.797651  15.088889
 RUN 3 GENERATION 26  17.769257  71.328763  26.486024  16.346385
 RUN 3 GENERATION 27  17.769257  71.328763  26.628551  15.23479
 RUN 3 GENERATION 28  17.769257  71.328763  26.339518  16.098195
 RUN 3 GENERATION 29  17.769257  71.328763  24.019439  17.349498
 RUN 3 GENERATION 30  17.769257  71.328763  27.510121  15.468318
 RUN 3 GENERATION 31  17.769257  71.328763  26.649764  15.894662
 RUN 3 GENERATION 32  17.769257  71.328763  26.55175  15.795384
 RUN 3 GENERATION 33  17.769257  71.328763  24.126442  16.474905
 RUN 3 GENERATION 34  17.769257  71.328763  24.521392  18.070993
 RUN 3 GENERATION 35  17.769257  71.328763  28.145938  15.498062
 RUN 3 GENERATION 36  17.769257  71.328763  24.829679  17.212475
 RUN 3 GENERATION 37  17.769257  71.328763  27.880372  15.649385
 RUN 3 GENERATION 38  17.769257  71.328763  28.160151  14.815405
 RUN 3 GENERATION 39  17.769257  71.328763  26.490227  15.593785
 RUN 3 GENERATION 40  17.769257  71.328763  20.156342  19.025232
 RUN 3 GENERATION 41  17.769257  71.328763  22.724681  18.390011
 RUN 3 GENERATION 42  17.769257  71.328763  28.814346  14.1846
 RUN 3 GENERATION 43  17.769257  71.328763  21.469577  17.834386
 RUN 3 GENERATION 44  17.769257  71.328763  23.956925  17.47033
 RUN 3 GENERATION 45  17.769257  71.328763  24.14043  17.144857
 RUN 3 GENERATION 46  17.769257  71.328763  23.264444  18.141259
 RUN 3 GENERATION 47  21.179573  71.692779  24.958749  18.233115
 RUN 3 GENERATION 48  21.179573  71.692779  23.601631  16.79427
 RUN 3 GENERATION 49  21.179573  71.692779  25.379249  16.509551
 RUN 3 GENERATION 50  21.179573  71.692779  25.724745  16.130997
 RUN 3 GENERATION 51  21.179573  71.692779  24.387954  17.160239
 RUN 3 GENERATION 52  21.179573  71.692779  27.062604  16.99878
 RUN 3 GENERATION 53  21.179573  71.692779  26.219951  15.678232
 RUN 3 GENERATION 54  21.179573  71.692779  23.671609  17.504755
 RUN 3 GENERATION 55  21.179573  71.692779  26.597913  15.953735
 RUN 3 GENERATION 56  21.179573  71.692779  26.414964  15.580772
 RUN 3 GENERATION 57  21.179573  71.692779  26.832583  15.705553
 RUN 3 GENERATION 58  21.179573  71.692779  25.290462  16.330768
 RUN 3 GENERATION 59  21.179573  71.692779  25.993091  16.829327
 RUN 4 GENERATION 0  22.13499  34.919473  -4.964884  7.039593
 RUN 4 GENERATION 1  25.918122  42.638305  0.216754  13.074644
 RUN 4 GENERATION 2  15.49962  78.437664  7.983229  18.379228
 RUN 4 GENERATION 3  15.49962  78.437664  9.679752  17.957351
 RUN 4 GENERATION 4  15.49962  78.437664  17.402177  18.697155
 RUN 4 GENERATION 5  15.49962  78.437664  18.44708  19.045667
 RUN 4 GENERATION 6  15.49962  78.437664  20.284416  18.248603
 RUN 4 GENERATION 7  15.49962  78.437664  24.222132  17.95762
 RUN 4 GENERATION 8  15.49962  78.437664  19.584224  18.432133
 RUN 4 GENERATION 9  15.49962  78.437664  26.176602  15.314305
 RUN 4 GENERATION 10  15.49962  78.437664  21.195773  18.692569
 RUN 4 GENERATION 11  15.49962  78.437664  26.422701  15.996613
 RUN 4 GENERATION 12  15.49962  78.437664  23.865323  15.993366
 RUN 4 GENERATION 13  15.49962  78.437664  24.366748  16.15235
 RUN 4 GENERATION 14  15.49962  78.437664  25.341181  17.830304
 RUN 4 GENERATION 15  15.49962  78.437664  25.021724  16.278524
 RUN 4 GENERATION 16  15.49962  78.437664  25.354334  16.671738
 RUN 4 GENERATION 17  15.49962  78.437664  22.85605  18.876183
 RUN 4 GENERATION 18  15.49962  78.437664  25.366874  17.179043
 RUN 4 GENERATION 19  15.49962  78.437664  26.481659  16.193486
 RUN 4 GENERATION 20  15.49962  78.437664  24.324264  17.950168
 RUN 4 GENERATION 21  15.49962  78.437664  22.4397  18.549999
 RUN 4 GENERATION 22  15.49962  78.437664  21.768022  18.182377
 RUN 4 GENERATION 23  15.49962  78.437664  23.350115  17.702485
 RUN 4 GENERATION 24  15.49962  78.437664  24.054766  16.935109
 RUN 4 GENERATION 25  15.49962  78.437664  25.254215  16.438641
 RUN 4 GENERATION 26  15.49962  78.437664  23.415251  18.03182
 RUN 4 GENERATION 27  15.49962  78.437664  25.098036  16.431367
 RUN 4 GENERATION 28  15.49962  78.437664  29.046869  14.441713
 RUN 4 GENERATION 29  15.49962  78.437664  25.877436  15.753375
 RUN 4 GENERATION 30  15.49962  78.437664  24.8628  16.984137
 RUN 4 GENERATION 31  15.49962  78.437664  26.570706  15.10935
 RUN 4 GENERATION 32  15.49962  78.437664  25.637413  16.679341
 RUN 4 GENERATION 33  15.49962  78.437664  25.4014  17.07029
 RUN 4 GENERATION 34  15.49962  78.437664  24.584447  17.819528
 RUN 4 GENERATION 35  15.49962  78.437664  24.177438  16.55071
 RUN 4 GENERATION 36  15.49962  78.437664  22.636288  17.881988
 RUN 4 GENERATION 37  15.49962  78.437664  23.496259  17.675682
 RUN 4 GENERATION 38  15.49962  78.437664  23.932978  18.064173
 RUN 4 GENERATION 39  15.49962  78.437664  24.932142  17.084969
 RUN 4 GENERATION 40  15.49962  78.437664  22.769207  18.272168
 RUN 4 GENERATION 41  15.49962  78.437664  24.76039  16.981854
 RUN 4 GENERATION 42  15.49962  78.437664  26.443548  15.400828
 RUN 4 GENERATION 43  15.49962  78.437664  24.734745  16.151531
 RUN 4 GENERATION 44  15.49962  78.437664  25.394401  17.175429
 RUN 4 GENERATION 45  15.49962  78.437664  26.638683  17.103479
 RUN 4 GENERATION 46  15.49962  78.437664  24.38115  16.819331
 RUN 4 GENERATION 47  15.49962  78.437664  23.270675  18.325218
 RUN 4 GENERATION 48  15.49962  78.437664  29.348065  13.481387
 RUN 4 GENERATION 49  15.49962  78.437664  28.206911  13.788026
 RUN 4 GENERATION 50  15.49962  78.437664  25.607572  15.855975
 RUN 4 GENERATION 51  15.49962  78.437664  26.956078  15.737566
 RUN 4 GENERATION 52  15.49962  78.437664  25.746041  15.169526
 RUN 4 GENERATION 53  15.49962  78.437664  26.105519  16.440326
 RUN 4 GENERATION 54  15.49962  78.437664  28.236478  13.810135
 RUN 4 GENERATION 55  15.49962  78.437664  26.635728  16.351648
 RUN 4 GENERATION 56  15.49962  78.437664  27.35419  15.972902
 RUN 4 GENERATION 57  15.49962  78.437664  28.086968  14.325211
 RUN 4 GENERATION 58  15.49962  78.437664  24.441461  16.373615
 RUN 4 GENERATION 59  15.49962  78.437664  24.327889  17.334423
 RUN 5 GENERATION 0  22.729623  34.919683  -4.742205  7.592839
 RUN 5 GENERATION 1  21.799854  49.445502  0.690714  14.095449
 RUN 5 GENERATION 2  21.799854  49.445502  11.500025  17.642136
 RUN 5 GENERATION 3  21.799854  49.445502  16.344951  18.052319
 RUN 5 GENERATION 4  21.799854  49.445502  19.092789  18.630938
 RUN 5 GENERATION 5  17.417985  71.27521  20.885885  17.914487
 RUN 5 GENERATION 6  17.417985  71.27521  22.066457  17.524439
 RUN 5 GENERATION 7  17.417985  71.27521  23.874542  17.060562
 RUN 5 GENERATION 8  17.417985  71.27521  24.244553  16.477125
 RUN 5 GENERATION 9  17.417985  71.27521  27.696091  15.187005
 RUN 5 GENERATION 10  17.417985  71.27521  24.377304  16.654623
 RUN 5 GENERATION 11  17.417985  71.27521  25.403234  18.165014
 RUN 5 GENERATION 12  17.417985  71.27521  25.69221  15.666051
 RUN 5 GENERATION 13  17.417985  71.27521  25.998559  16.776617
 RUN 5 GENERATION 14  17.417985  71.27521  26.95051  14.505182
 RUN 5 GENERATION 15  17.417985  71.27521  26.56759  15.37113
 RUN 5 GENERATION 16  17.417985  71.27521  22.242595  17.888305
 RUN 5 GENERATION 17  68.442493  91.170794  24.561645  18.186879
 RUN 5 GENERATION 18  68.442493  91.170794  25.215237  16.585261
 RUN 5 GENERATION 19  68.442493  91.170794  24.994633  17.189451
 RUN 5 GENERATION 20  68.442493  91.170794  26.538526  16.361129
 RUN 5 GENERATION 21  68.442493  91.170794  25.971257  16.098928
 RUN 5 GENERATION 22  68.442493  91.170794  25.844997  16.208453
 RUN 5 GENERATION 23  68.442493  91.170794  26.914004  16.512101
 RUN 5 GENERATION 24  68.442493  91.170794  24.247768  17.257877
 RUN 5 GENERATION 25  68.442493  91.170794  25.841569  17.113912
 RUN 5 GENERATION 26  68.442493  91.170794  24.280018  18.327422
 RUN 5 GENERATION 27  68.442493  91.170794  27.799665  14.896483
 RUN 5 GENERATION 28  68.442493  91.170794  27.074566  17.137289
 RUN 5 GENERATION 29  68.442493  91.170794  25.498248  17.44132
 RUN 5 GENERATION 30  68.442493  91.170794  26.805438  16.540522
 RUN 5 GENERATION 31  68.442493  91.170794  25.060329  17.361585
 RUN 5 GENERATION 32  76.708415  92.129227  26.614892  18.021889
 RUN 5 GENERATION 33  76.708415  92.129227  26.605165  16.071675
 RUN 5 GENERATION 34  76.708415  92.129227  28.722191  14.608425
 RUN 5 GENERATION 35  76.708415  92.129227  26.862622  16.697395
 RUN 5 GENERATION 36  76.708415  92.129227  28.501447  15.693341
 RUN 5 GENERATION 37  76.708415  92.129227  27.732863  15.210823
 RUN 5 GENERATION 38  76.708415  92.129227  27.273934  16.217129
 RUN 5 GENERATION 39  76.708415  92.129227  27.807742  15.222122
 RUN 5 GENERATION 40  76.708415  92.129227  26.559106  15.870141
 RUN 5 GENERATION 41  76.708415  92.129227  27.861858  16.36777
 RUN 5 GENERATION 42  76.708415  92.129227  26.01686  17.560559
 RUN 5 GENERATION 43  76.708415  92.129227  26.293366  16.850525
 RUN 5 GENERATION 44  76.708415  92.129227  31.016929  13.235926
 RUN 5 GENERATION 45  76.708415  92.129227  26.164444  16.954672
 RUN 5 GENERATION 46  76.708415  92.129227  27.543477  16.076116
 RUN 5 GENERATION 47  76.708415  92.129227  27.249495  16.447783
 RUN 5 GENERATION 48  76.708415  92.129227  27.08706  16.197963
 RUN 5 GENERATION 49  76.708415  92.129227  25.910972  17.257458
 RUN 5 GENERATION 50  76.708415  92.129227  26.409646  16.278131
 RUN 5 GENERATION 51  76.708415  92.129227  26.362525  18.868783
 RUN 5 GENERATION 52  76.708415  92.129227  25.234186  17.943877
 RUN 5 GENERATION 53  76.708415  92.129227  23.333789  20.074445
 RUN 5 GENERATION 54  76.708415  92.129227  24.284202  17.513176
 RUN 5 GENERATION 55  76.708415  92.129227  24.906522  17.98743
 RUN 5 GENERATION 56  76.708415  92.129227  22.912798  18.578139
 RUN 5 GENERATION 57  76.708415  92.129227  22.394185  18.608342
 RUN 5 GENERATION 58  76.708415  92.129227  26.878961  15.546326
 RUN 5 GENERATION 59  76.708415  92.129227  25.503177  16.469492
 RUN 6 GENERATION 0  23.144894  34.993684  -2.62059  10.475427
 RUN 6 GENERATION 1  -11.953214  44.173097  3.609601  16.32771
 RUN 6 GENERATION 2  -11.953214  44.173097  15.701665  18.684431
 RUN 6 GENERATION 3  -11.953214  44.173097  25.217961  15.474245
 RUN 6 GENERATION 4  20.546901  49.320799  26.989508  14.876781
 RUN 6 GENERATION 5  20.546901  49.320799  24.786926  15.417359
 RUN 6 GENERATION 6  20.546901  49.320799  23.745976  16.806536
 RUN 6 GENERATION 7  20.546901  49.320799  25.783447  14.378058
 RUN 6 GENERATION 8  -14.853571  57.049892  27.138605  15.680616
 RUN 6 GENERATION 9  -14.853571  57.049892  21.285616  18.013218
 RUN 6 GENERATION 10  -14.853571  57.049892  22.873372  17.209635
 RUN 6 GENERATION 11  -14.853571  57.049892  25.651868  15.952001
 RUN 6 GENERATION 12  -14.853571  57.049892  25.056521  14.289199
 RUN 6 GENERATION 13  -14.853571  57.049892  26.110931  15.069493
 RUN 6 GENERATION 14  -14.853571  57.049892  26.777818  14.75814
 RUN 6 GENERATION 15  -14.853571  57.049892  24.542049  16.378383
 RUN 6 GENERATION 16  -14.853571  57.049892  27.316247  14.676288
 RUN 6 GENERATION 17  -14.853571  57.049892  26.746512  15.658136
 RUN 6 GENERATION 18  -14.853571  57.049892  29.45485  13.159464
 RUN 6 GENERATION 19  -14.853571  57.049892  27.770316  13.848349
 RUN 6 GENERATION 20  -14.853571  57.049892  27.201566  14.113424
 RUN 6 GENERATION 21  -14.853571  57.049892  28.472298  13.770069
 RUN 6 GENERATION 22  -14.853571  57.049892  25.901371  16.070938
 RUN 6 GENERATION 23  17.655766  71.276161  23.456963  18.107861
 RUN 6 GENERATION 24  17.655766  71.276161  24.045888  16.067067
 RUN 6 GENERATION 25  17.655766  71.276161  24.380122  16.414265
 RUN 6 GENERATION 26  17.655766  71.276161  28.671168  13.887673
 RUN 6 GENERATION 27  17.655766  71.276161  27.117546  14.445819
 RUN 6 GENERATION 28  17.655766  71.276161  28.263711  14.487888
 RUN 6 GENERATION 29  17.655766  71.276161  25.948241  15.605706
 RUN 6 GENERATION 30  17.655766  71.276161  27.805499  15.677668
 RUN 6 GENERATION 31  17.655766  71.276161  24.144843  16.742633
 RUN 6 GENERATION 32  17.655766  71.276161  27.694756  13.925035
 RUN 6 GENERATION 33  17.655766  71.276161  26.44781  15.287203
 RUN 6 GENERATION 34  19.465369  78.756332  26.04767  18.08838
 RUN 6 GENERATION 35  19.465369  78.756332  25.661913  15.721682
 RUN 6 GENERATION 36  19.465369  78.756332  29.426245  12.084755
 RUN 6 GENERATION 37  19.465369  78.756332  24.437122  16.9353
 RUN 6 GENERATION 38  19.465369  78.756332  26.818755  15.707597
 RUN 6 GENERATION 39  19.465369  78.756332  27.74844  15.158109
 RUN 6 GENERATION 40  19.465369  78.756332  24.624816  17.612758
 RUN 6 GENERATION 41  19.465369  78.756332  24.161812  16.485653
 RUN 6 GENERATION 42  19.465369  78.756332  27.485638  15.80582
 RUN 6 GENERATION 43  19.465369  78.756332  26.347493  14.630442
 RUN 6 GENERATION 44  19.465369  78.756332  26.007591  16.647554
 RUN 6 GENERATION 45  19.465369  78.756332  23.109273  18.018829
 RUN 6 GENERATION 46  19.465369  78.756332  27.061426  15.996109
 RUN 6 GENERATION 47  19.465369  78.756332  26.835107  14.9511
 RUN 6 GENERATION 48  19.465369  78.756332  24.186429  17.756023
 RUN 6 GENERATION 49  19.465369  78.756332  25.199655  16.742605
 RUN 6 GENERATION 50  19.465369  78.756332  26.348139  15.849234
 RUN 6 GENERATION 51  19.465369  78.756332  25.816349  16.467031
 RUN 6 GENERATION 52  19.465369  78.756332  26.236803  15.382703
 RUN 6 GENERATION 53  19.465369  78.756332  27.015684  16.306575
 RUN 6 GENERATION 54  19.465369  78.756332  28.890195  15.757961
 RUN 6 GENERATION 55  19.465369  78.756332  27.91902  14.283667
 RUN 6 GENERATION 56  19.465369  78.756332  24.916488  16.692846
 RUN 6 GENERATION 57  19.465369  78.756332  26.382386  16.000703
 RUN 6 GENERATION 58  19.465369  78.756332  26.72882  16.92646
 RUN 6 GENERATION 59  19.465369  78.756332  25.797171  16.164782
 RUN 7 GENERATION 0  23.700161  34.965556  -1.50532  12.378943
 RUN 7 GENERATION 1  23.144894  34.997421  1.327001  13.276359
 RUN 7 GENERATION 2  -6.254567  39.775391  11.505583  17.519145
 RUN 7 GENERATION 3  18.390516  56.6059  23.407103  16.418497
 RUN 7 GENERATION 4  18.390516  56.6059  19.073105  17.530357
 RUN 7 GENERATION 5  -14.190829  57.177985  22.463476  18.16094
 RUN 7 GENERATION 6  -14.190829  57.177985  21.908348  16.644636
 RUN 7 GENERATION 7  -14.190829  57.177985  22.20579  17.898221
 RUN 7 GENERATION 8  -14.190829  57.177985  22.886797  17.766171
 RUN 7 GENERATION 9  -14.190829  57.177985  20.044955  18.8877
 RUN 7 GENERATION 10  -14.190829  57.177985  20.499093  18.115145
 RUN 7 GENERATION 11  -14.190829  57.177985  22.318038  17.531031
 RUN 7 GENERATION 12  -14.190829  57.177985  25.248208  15.597038
 RUN 7 GENERATION 13  15.568896  71.085675  24.730258  17.469365
 RUN 7 GENERATION 14  15.568896  71.085675  22.042858  18.732883
 RUN 7 GENERATION 15  15.568896  71.085675  24.120682  16.941217
 RUN 7 GENERATION 16  15.568896  71.085675  24.092078  17.570329
 RUN 7 GENERATION 17  15.568896  71.085675  26.238656  14.880718
 RUN 7 GENERATION 18  15.568896  71.085675  25.113984  16.611069
 RUN 7 GENERATION 19  15.568896  71.085675  24.915981  16.864796
 RUN 7 GENERATION 20  15.568896  71.085675  27.779591  14.856706
 RUN 7 GENERATION 21  15.568896  71.085675  28.19633  15.028927
 RUN 7 GENERATION 22  15.568896  71.085675  27.069176  15.433486
 RUN 7 GENERATION 23  15.568896  71.085675  27.747344  15.286801
 RUN 7 GENERATION 24  15.568896  71.085675  28.451847  14.833366
 RUN 7 GENERATION 25  15.568896  71.085675  28.072156  15.827336
 RUN 7 GENERATION 26  15.568896  71.085675  28.412004  15.137434
 RUN 7 GENERATION 27  15.568896  71.085675  27.748229  14.420003
 RUN 7 GENERATION 28  15.568896  71.085675  25.723212  16.445415
 RUN 7 GENERATION 29  15.568896  71.085675  29.510725  13.12053
 RUN 7 GENERATION 30  60.717282  90.402914  27.360569  15.586299
 RUN 7 GENERATION 31  60.717282  90.402914  28.899828  15.079706
 RUN 7 GENERATION 32  60.717282  90.402914  26.093238  16.443468
 RUN 7 GENERATION 33  60.717282  90.402914  27.046921  15.91785
 RUN 7 GENERATION 34  60.717282  90.402914  28.948151  14.306059
 RUN 7 GENERATION 35  60.717282  90.402914  28.543292  14.376407
 RUN 7 GENERATION 36  60.717282  90.402914  28.777283  14.400485
 RUN 7 GENERATION 37  60.717282  90.402914  24.991672  17.679787
 RUN 7 GENERATION 38  60.717282  90.402914  25.979788  16.6251
 RUN 7 GENERATION 39  60.717282  90.402914  23.378725  18.410229
 RUN 7 GENERATION 40  60.717282  90.402914  28.40137  14.971118
 RUN 7 GENERATION 41  60.717282  90.402914  26.766005  16.53049
 RUN 7 GENERATION 42  60.717282  90.402914  28.737672  14.549934
 RUN 7 GENERATION 43  60.717282  90.402914  25.562429  17.628414
 RUN 7 GENERATION 44  60.717282  90.402914  27.014351  16.566889
 RUN 7 GENERATION 45  60.717282  90.402914  27.677503  14.786961
 RUN 7 GENERATION 46  60.717282  90.402914  26.336919  16.812812
 RUN 7 GENERATION 47  60.717282  90.402914  26.324834  16.128684
 RUN 7 GENERATION 48  60.717282  90.402914  25.635745  16.851064
 RUN 7 GENERATION 49  60.717282  90.402914  27.360829  16.211298
 RUN 7 GENERATION 50  60.717282  90.402914  29.05567  14.749926
 RUN 7 GENERATION 51  60.717282  90.402914  28.680275  15.257435
 RUN 7 GENERATION 52  60.717282  90.402914  30.51971  14.74072
 RUN 7 GENERATION 53  60.717282  90.402914  29.20767  15.070153
 RUN 7 GENERATION 54  60.717282  90.402914  27.71737  15.50149
 RUN 7 GENERATION 55  69.328326  91.254802  26.612847  17.732509
 RUN 7 GENERATION 56  69.328326  91.254802  26.292712  15.690574
 RUN 7 GENERATION 57  69.328326  91.254802  24.060334  17.162837
 RUN 7 GENERATION 58  69.328326  91.254802  26.556134  16.40076
 RUN 7 GENERATION 59  69.328326  91.254802  25.789288  16.58779
 RUN 8 GENERATION 0  -19.428682  40.714251  -2.549949  11.221306
 RUN 8 GENERATION 1  -19.428682  40.714251  -0.383337  12.270868
 RUN 8 GENERATION 2  -19.428682  40.714251  5.130337  13.360672
 RUN 8 GENERATION 3  -19.428682  40.714251  10.642679  14.80139
 RUN 8 GENERATION 4  -19.428682  40.714251  11.301412  16.157534
 RUN 8 GENERATION 5  -14.024281  44.253159  16.195189  16.854741
 RUN 8 GENERATION 6  18.587488  56.598386  17.657496  19.03154
 RUN 8 GENERATION 7  18.587488  56.598386  18.376167  17.283695
 RUN 8 GENERATION 8  -14.936414  56.961923  19.02754  18.864879
 RUN 8 GENERATION 9  -14.936414  56.961923  20.187168  17.146656
 RUN 8 GENERATION 10  -14.936414  56.961923  24.476525  17.043858
 RUN 8 GENERATION 11  -14.936414  56.961923  23.760194  17.046186
 RUN 8 GENERATION 12  16.88615  71.198125  27.280291  15.93098
 RUN 8 GENERATION 13  16.88615  71.198125  22.466714  18.289123
 RUN 8 GENERATION 14  16.88615  71.198125  24.144331  17.334171
 RUN 8 GENERATION 15  16.88615  71.198125  25.566085  16.449232
 RUN 8 GENERATION 16  16.88615  71.198125  28.023068  14.622609
 RUN 8 GENERATION 17  16.88615  71.198125  26.013787  15.305548
 RUN 8 GENERATION 18  16.88615  71.198125  25.735744  16.539666
 RUN 8 GENERATION 19  16.88615  71.198125  25.207601  16.570268
 RUN 8 GENERATION 20  16.88615  71.198125  23.382468  17.169384
 RUN 8 GENERATION 21  16.88615  71.198125  24.627868  16.654058
 RUN 8 GENERATION 22  16.88615  71.198125  26.782618  15.53355
 RUN 8 GENERATION 23  16.88615  71.198125  23.930178  17.920863
 RUN 8 GENERATION 24  16.88615  71.198125  25.804496  16.938702
 RUN 8 GENERATION 25  16.88615  71.198125  24.196912  16.912743
 RUN 8 GENERATION 26  16.88615  71.198125  27.325616  16.482536
 RUN 8 GENERATION 27  16.88615  71.198125  24.101124  18.214544
 RUN 8 GENERATION 28  16.88615  71.198125  24.995895  16.800832
 RUN 8 GENERATION 29  16.88615  71.198125  25.146398  16.366247
 RUN 8 GENERATION 30  16.88615  71.198125  24.62514  17.182352
 RUN 8 GENERATION 31  13.17293  78.177907  26.090984  17.349367
 RUN 8 GENERATION 32  13.17293  78.177907  27.327613  14.946936
 RUN 8 GENERATION 33  13.17293  78.177907  24.636283  16.768457
 RUN 8 GENERATION 34  13.17293  78.177907  24.290809  17.222994
 RUN 8 GENERATION 35  13.17293  78.177907  23.488143  17.252176
 RUN 8 GENERATION 36  13.17293  78.177907  24.68357  16.377487
 RUN 8 GENERATION 37  13.17293  78.177907  23.100177  16.67097
 RUN 8 GENERATION 38  13.17293  78.177907  23.593574  16.126986
 RUN 8 GENERATION 39  13.17293  78.177907  23.711137  15.703714
 RUN 8 GENERATION 40  13.17293  78.177907  21.863815  18.328768
 RUN 8 GENERATION 41  13.17293  78.177907  24.270816  17.119373
 RUN 8 GENERATION 42  13.17293  78.177907  23.725898  17.579949
 RUN 8 GENERATION 43  13.17293  78.177907  23.99863  16.275299
 RUN 8 GENERATION 44  13.17293  78.177907  22.787404  16.540311
 RUN 8 GENERATION 45  13.17293  78.177907  27.216924  15.442677
 RUN 8 GENERATION 46  13.17293  78.177907  25.408537  16.440505
 RUN 8 GENERATION 47  13.17293  78.177907  26.405355  15.854759
 RUN 8 GENERATION 48  13.17293  78.177907  24.149208  17.896292
 RUN 8 GENERATION 49  13.17293  78.177907  27.75658  15.165925
 RUN 8 GENERATION 50  13.17293  78.177907  25.332987  16.096053
 RUN 8 GENERATION 51  13.17293  78.177907  28.448099  14.351099
 RUN 8 GENERATION 52  13.17293  78.177907  26.551544  16.69794
 RUN 8 GENERATION 53  13.17293  78.177907  28.962018  13.757096
 RUN 8 GENERATION 54  13.17293  78.177907  25.539784  16.697167
 RUN 8 GENERATION 55  13.17293  78.177907  23.738586  17.819413
 RUN 8 GENERATION 56  13.17293  78.177907  26.102943  16.459898
 RUN 8 GENERATION 57  13.17293  78.177907  25.683029  16.704035
 RUN 8 GENERATION 58  13.17293  78.177907  28.722413  14.736698
 RUN 8 GENERATION 59  13.17293  78.177907  24.544938  18.388392
 RUN 9 GENERATION 0  24.325649  35.163071  -2.634178  9.944629
 RUN 9 GENERATION 1  24.325649  35.163071  1.78609  13.674876
 RUN 9 GENERATION 2  -14.481496  62.660198  6.334135  15.458633
 RUN 9 GENERATION 3  -12.907484  62.752528  13.832522  18.303034
 RUN 9 GENERATION 4  -12.907484  62.752528  12.012557  16.620854
 RUN 9 GENERATION 5  -12.907484  62.752528  19.314526  17.845073
 RUN 9 GENERATION 6  -12.907484  62.752528  18.867104  16.772896
 RUN 9 GENERATION 7  -12.907484  62.752528  20.890677  17.58157
 RUN 9 GENERATION 8  -12.907484  62.752528  27.305351  14.702087
 RUN 9 GENERATION 9  -12.907484  62.752528  27.904869  14.193926
 RUN 9 GENERATION 10  -13.522987  72.781331  28.385476  14.130343
 RUN 9 GENERATION 11  -13.522987  72.781331  22.979779  17.441592
 RUN 9 GENERATION 12  -13.522987  72.781331  25.885584  15.813087
 RUN 9 GENERATION 13  -13.522987  72.781331  24.831162  17.172703
 RUN 9 GENERATION 14  -13.522987  72.781331  23.34068  15.957827
 RUN 9 GENERATION 15  -13.522987  72.781331  23.993461  16.544166
 RUN 9 GENERATION 16  -13.522987  72.781331  23.52115  16.44
 RUN 9 GENERATION 17  -13.522987  72.781331  24.377725  16.712194
 RUN 9 GENERATION 18  -13.522987  72.781331  27.786229  13.403514
 RUN 9 GENERATION 19  -13.522987  72.781331  24.866915  14.471678
 RUN 9 GENERATION 20  -13.522987  72.781331  27.644537  15.067594
 RUN 9 GENERATION 21  -13.522987  72.781331  26.410715  15.884801
 RUN 9 GENERATION 22  -13.522987  72.781331  24.986811  16.089594
 RUN 9 GENERATION 23  -13.522987  72.781331  28.73574  13.656784
 RUN 9 GENERATION 24  -13.522987  72.781331  29.800636  12.270216
 RUN 9 GENERATION 25  -13.522987  72.781331  25.839883  16.146346
 RUN 9 GENERATION 26  -13.522987  72.781331  29.298735  13.656669
 RUN 9 GENERATION 27  -13.522987  72.781331  27.278054  14.561278
 RUN 9 GENERATION 28  -13.522987  72.781331  26.753405  16.455461
 RUN 9 GENERATION 29  -13.522987  72.781331  26.449145  16.624761
 RUN 9 GENERATION 30  -13.522987  72.781331  26.280827  16.845657
 RUN 9 GENERATION 31  -13.522987  72.781331  27.975492  15.046575
 RUN 9 GENERATION 32  -13.522987  72.781331  25.624693  16.357084
 RUN 9 GENERATION 33  -13.522987  72.781331  27.178729  14.972373
 RUN 9 GENERATION 34  -13.522987  72.781331  26.489595  15.370419
 RUN 9 GENERATION 35  -13.522987  72.781331  26.288485  15.567778
 RUN 9 GENERATION 36  -13.522987  72.781331  26.655717  15.098511
 RUN 9 GENERATION 37  -13.522987  72.781331  28.46564  13.89186
 RUN 9 GENERATION 38  -13.522987  72.781331  24.989676  15.007232
 RUN 9 GENERATION 39  -13.522987  72.781331  23.39844  17.506555
 RUN 9 GENERATION 40  -13.522987  72.781331  23.717656  16.911439
 RUN 9 GENERATION 41  -13.522987  72.781331  24.062925  16.489367
 RUN 9 GENERATION 42  -13.522987  72.781331  26.790201  15.786095
 RUN 9 GENERATION 43  -13.522987  72.781331  24.004917  17.027179
 RUN 9 GENERATION 44  -13.522987  72.781331  22.213558  17.714549
 RUN 9 GENERATION 45  -13.522987  72.781331  25.480647  16.305922
 RUN 9 GENERATION 46  -13.522987  72.781331  25.978363  14.702383
 RUN 9 GENERATION 47  14.900844  78.437713  26.98636  16.379026
 RUN 9 GENERATION 48  14.900844  78.437713  25.383644  17.477513
 RUN 9 GENERATION 49  14.900844  78.437713  26.920613  15.444969
 RUN 9 GENERATION 50  14.900844  78.437713  23.734348  18.1583
 RUN 9 GENERATION 51  14.900844  78.437713  23.521928  16.106486
 RUN 9 GENERATION 52  14.900844  78.437713  26.092104  16.241879
 RUN 9 GENERATION 53  14.900844  78.437713  28.740626  13.780977
 RUN 9 GENERATION 54  14.900844  78.437713  22.74287  17.895116
 RUN 9 GENERATION 55  14.900844  78.437713  27.053048  14.774504
 RUN 9 GENERATION 56  14.900844  78.437713  24.453873  17.438521
 RUN 9 GENERATION 57  14.900844  78.437713  26.364007  16.183623
 RUN 9 GENERATION 58  14.900844  78.437713  27.343483  15.262026
 RUN 9 GENERATION 59  14.900844  78.437713  27.372561  15.454086
 RUN 0 GENERATION 0  22.729623  34.919683  -3.259095  9.552245
 RUN 0 GENERATION 0  22.652705  34.913627  -3.930388  7.943223
 RUN 0 GENERATION 1  22.729623  34.919683  5.260823  11.409173
 RUN 0 GENERATION 2  -16.830012  47.018145  15.996292  10.862195
 RUN 0 GENERATION 3  -16.830012  47.018145  27.769769  7.240117
 RUN 0 GENERATION 4  -16.830012  47.018145  34.786569  1.938481
 RUN 0 GENERATION 5  -10.257377  67.324936  35.569865  3.51028
 RUN 0 GENERATION 6  -10.257377  67.324936  35.946642  4.197588
 RUN 0 GENERATION 7  -10.257377  67.324936  36.464928  4.901135
 RUN 0 GENERATION 8  -10.789177  72.986314  37.585052  6.961075
 RUN 0 GENERATION 9  -10.789177  72.986314  39.551685  9.090289
 RUN 0 GENERATION 10  -10.789177  72.986314  39.998328  9.057726
 RUN 0 GENERATION 11  -10.789177  72.986314  40.23749  9.00563
 RUN 0 GENERATION 12  -10.789177  72.986314  40.67084  9.001093
 RUN 0 GENERATION 13  -10.789177  72.986314  42.223524  9.341774
 RUN 0 GENERATION 14  -10.789177  72.986314  43.536182  9.705804
 RUN 0 GENERATION 15  -10.789177  72.986314  44.870379  10.005198
 RUN 0 GENERATION 16  -10.789177  72.986314  45.829762  10.131809
 RUN 0 GENERATION 17  -10.789177  72.986314  46.830764  10.019463
 RUN 0 GENERATION 18  -10.789177  72.986314  48.277767  10.052405
 RUN 0 GENERATION 19  -10.789177  72.986314  49.616034  9.540684
 RUN 0 GENERATION 20  -10.789177  72.986314  51.477226  9.320578
 RUN 0 GENERATION 21  -10.789177  72.986314  52.314832  9.06463
 RUN 0 GENERATION 22  13.990706  78.319453  53.63901  9.16226
 RUN 0 GENERATION 23  13.990706  78.319453  54.657691  8.874452
 RUN 0 GENERATION 24  13.990706  78.319453  55.268784  8.599955
 RUN 0 GENERATION 25  13.990706  78.319453  56.303706  8.428237
 RUN 0 GENERATION 26  19.378263  78.893564  57.591617  8.473795
 RUN 0 GENERATION 27  19.378263  78.893564  58.200401  8.676346
 RUN 0 GENERATION 28  19.378263  78.893564  59.228802  8.819074
 RUN 0 GENERATION 29  61.490376  90.540357  60.752253  8.808233
 RUN 0 GENERATION 30  61.490376  90.540357  61.406006  8.418026
 RUN 0 GENERATION 31  61.490376  90.540357  62.121175  7.816597
 RUN 0 GENERATION 32  61.490376  90.540357  62.419937  7.664714
 RUN 0 GENERATION 33  64.100336  90.74559  63.441698  7.630936
 RUN 0 GENERATION 34  64.100336  90.74559  63.793552  7.620611
 RUN 0 GENERATION 35  64.100336  90.74559  64.229183  7.334098
 RUN 0 GENERATION 36  64.100336  90.74559  64.739755  7.40806
 RUN 0 GENERATION 37  64.100336  90.74559  65.16985  7.557642
 RUN 0 GENERATION 38  64.100336  90.74559  66.045027  7.342873
 RUN 0 GENERATION 39  64.100336  90.74559  66.548574  7.166214
 RUN 0 GENERATION 40  64.100336  90.74559  67.316859  7.361223
 RUN 0 GENERATION 41  72.339494  91.816352  68.670286  7.454582
 RUN 0 GENERATION 42  72.339494  91.816352  69.580331  7.47637
 RUN 0 GENERATION 43  72.339494  91.816352  70.111332  7.269858
 RUN 0 GENERATION 44  72.339494  91.816352  70.623379  7.450829
 RUN 0 GENERATION 45  72.339494  91.816352  70.885816  7.397518
 RUN 0 GENERATION 46  72.339494  91.816352  71.147231  7.249795
 RUN 0 GENERATION 47  72.339494  91.816352  71.147231  7.249795
 RUN 0 GENERATION 48  72.339494  91.816352  71.25551  7.18592
 RUN 0 GENERATION 49  72.339494  91.816352  71.373008  7.113234
 RUN 0 GENERATION 50  72.339494  91.816352  71.675318  7.308429
 RUN 0 GENERATION 51  72.339494  91.816352  72.078553  7.138473
 RUN 0 GENERATION 52  72.339494  91.816352  72.175894  7.049164
 RUN 0 GENERATION 53  72.339494  91.816352  72.27901  6.972377
 RUN 0 GENERATION 54  72.339494  91.816352  72.746842  6.791534
 RUN 0 GENERATION 55  79.544156  92.453462  73.17444  6.901265
 RUN 0 GENERATION 56  79.544156  92.453462  73.317511  6.860298
 RUN 0 GENERATION 57  79.544156  92.453462  73.388062  6.801472
 RUN 0 GENERATION 58  79.544156  92.453462  73.677799  6.709175
 RUN 0 GENERATION 59  79.544156  92.453462  73.706594  6.674646
 RUN 1 GENERATION 0  22.729623  34.919683  -1.983765  9.557608
 RUN 1 GENERATION 1  -19.387998  36.598362  11.536661  12.563478
 RUN 1 GENERATION 2  20.574565  42.039686  29.117079  8.385905
 RUN 1 GENERATION 3  14.335745  78.382684  35.514515  4.425527
 RUN 1 GENERATION 4  14.335745  78.382684  35.728199  4.669135
 RUN 1 GENERATION 5  14.335745  78.382684  36.060028  5.026839
 RUN 1 GENERATION 6  14.335745  78.382684  36.213075  5.080395
 RUN 1 GENERATION 7  14.335745  78.382684  36.213075  5.080395
 RUN 1 GENERATION 8  14.335745  78.382684  36.433414  5.184007
 RUN 1 GENERATION 9  14.335745  78.382684  36.957903  6.627987
 RUN 1 GENERATION 10  19.014562  78.924856  38.104375  8.32577
 RUN 1 GENERATION 11  19.014562  78.924856  39.054073  8.956619
 RUN 1 GENERATION 12  19.014562  78.924856  40.153957  9.757555
 RUN 1 GENERATION 13  64.815076  90.640913  42.010413  11.191246
 RUN 1 GENERATION 14  69.328326  91.377718  43.442909  12.340176
 RUN 1 GENERATION 15  69.328326  91.377718  43.978736  12.347391
 RUN 1 GENERATION 16  69.328326  91.377718  45.039107  11.996926
 RUN 1 GENERATION 17  69.328326  91.377718  45.992497  12.007488
 RUN 1 GENERATION 18  69.328326  91.377718  46.801648  12.003083
 RUN 1 GENERATION 19  69.328326  91.377718  47.474084  11.914674
 RUN 1 GENERATION 20  69.328326  91.377718  48.460928  12.031694
 RUN 1 GENERATION 21  69.328326  91.377718  49.463968  11.97662
 RUN 1 GENERATION 22  69.328326  91.377718  50.491709  11.846742
 RUN 1 GENERATION 23  69.328326  91.377718  51.115034  11.80265
 RUN 1 GENERATION 24  69.328326  91.377718  51.768927  11.948052
 RUN 1 GENERATION 25  69.328326  91.377718  52.285731  11.67427
 RUN 1 GENERATION 26  69.328326  91.377718  52.783268  11.579457
 RUN 1 GENERATION 27  69.328326  91.377718  53.582978  11.487664
 RUN 1 GENERATION 28  69.328326  91.377718  53.888838  11.407939
 RUN 1 GENERATION 29  72.339494  91.546838  55.088435  11.864262
 RUN 1 GENERATION 30  72.339494  91.546838  56.126375  12.054667
 RUN 1 GENERATION 31  72.339494  91.546838  56.916483  11.892594
 RUN 1 GENERATION 32  72.339494  91.546838  57.215289  11.706485
 RUN 1 GENERATION 33  72.339494  91.546838  57.878956  11.57027
 RUN 1 GENERATION 34  72.339494  91.546838  58.264668  11.39455
 RUN 1 GENERATION 35  72.339494  91.546838  59.041254  11.247934
 RUN 1 GENERATION 36  74.322922  91.69776  60.257008  11.597002
 RUN 1 GENERATION 37  74.322922  91.69776  61.096654  11.643531
 RUN 1 GENERATION 38  74.322922  91.69776  62.196546  11.614508
 RUN 1 GENERATION 39  74.322922  91.69776  63.433932  11.725159
 RUN 1 GENERATION 40  74.322922  91.69776  63.681192  11.633065
 RUN 1 GENERATION 41  74.322922  91.69776  64.016015  11.474323
 RUN 1 GENERATION 42  75.143201  92.072226  64.762072  11.51974
 RUN 1 GENERATION 43  75.143201  92.072226  65.757863  11.373874
 RUN 1 GENERATION 44  75.143201  92.072226  66.147508  11.148299
 RUN 1 GENERATION 45  75.143201  92.072226  66.755639  10.793324
 RUN 1 GENERATION 46  78.339508  92.482397  67.857414  10.859071
 RUN 1 GENERATION 47  78.339508  92.482397  68.36346  10.529894
 RUN 1 GENERATION 48  78.339508  92.482397  68.571934  10.389937
 RUN 1 GENERATION 49  78.339508  92.482397  68.689778  10.28657
 RUN 1 GENERATION 50  78.339508  92.482397  68.727871  10.249048
 RUN 1 GENERATION 51  78.339508  92.482397  69.106724  9.994225
 RUN 1 GENERATION 52  78.339508  92.482397  69.7335  9.994466
 RUN 1 GENERATION 53  78.339508  92.482397  70.222416  9.715434
 RUN 1 GENERATION 54  78.339508  92.482397  70.293253  9.63182
 RUN 1 GENERATION 55  78.339508  92.482397  70.722821  9.512014
 RUN 1 GENERATION 56  78.339508  92.482397  71.127768  9.25485
 RUN 1 GENERATION 57  78.339508  92.482397  71.413942  9.1341
 RUN 1 GENERATION 58  78.339508  92.482397  71.838383  8.993714
 RUN 1 GENERATION 59  78.339508  92.482397  72.089384  8.808671
 RUN 2 GENERATION 0  22.729623  34.919683  -2.720797  9.672367
 RUN 2 GENERATION 1  22.729623  34.919683  10.364339  12.952919
 RUN 2 GENERATION 2  18.524715  78.742846  23.786961  12.172276
 RUN 2 GENERATION 3  18.524715  78.742846  35.219578  4.843026
 RUN 2 GENERATION 4  18.524715  78.742846  35.596106  4.67128
 RUN 2 GENERATION 5  18.524715  78.742846  35.759555  4.78761
 RUN 2 GENERATION 6  77.100505  92.17133  36.555145  7.447033
 RUN 2 GENERATION 7  77.100505  92.17133  36.860809  7.579226
 RUN 2 GENERATION 8  77.100505  92.17133  37.376405  7.681533
 RUN 2 GENERATION 9  77.100505  92.17133  38.136226  7.810747
 RUN 2 GENERATION 10  77.100505  92.17133  39.525945  8.903654
 RUN 2 GENERATION 11  77.100505  92.17133  40.293716  9.003254
 RUN 2 GENERATION 12  77.100505  92.17133  41.31019  8.870157
 RUN 2 GENERATION 13  77.100505  92.17133  43.658036  9.769632
 RUN 2 GENERATION 14  77.100505  92.17133  46.646856  10.376015
 RUN 2 GENERATION 15  77.100505  92.17133  47.822715  10.220551
 RUN 2 GENERATION 16  77.100505  92.17133  50.208683  10.046705
 RUN 2 GENERATION 17  77.100505  92.17133  51.36677  10.207841
 RUN 2 GENERATION 18  77.100505  92.17133  52.976915  10.109526
 RUN 2 GENERATION 19  77.100505  92.17133  54.466084  9.512512
 RUN 2 GENERATION 20  77.100505  92.17133  55.735499  9.357212
 RUN 2 GENERATION 21  77.100505  92.17133  56.961735  9.240102
 RUN 2 GENERATION 22  77.100505  92.17133  58.082476  9.167796
 RUN 2 GENERATION 23  77.100505  92.17133  58.983296  8.86712
 RUN 2 GENERATION 24  77.100505  92.17133  59.855869  8.534527
 RUN 2 GENERATION 25  77.100505  92.17133  61.263568  8.142263
 RUN 2 GENERATION 26  77.100505  92.17133  62.277699  7.570078
 RUN 2 GENERATION 27  77.100505  92.17133  63.176554  7.254775
 RUN 2 GENERATION 28  77.100505  92.17133  64.06675  7.089038
 RUN 2 GENERATION 29  77.100505  92.17133  65.049212  6.992216
 RUN 2 GENERATION 30  77.100505  92.17133  65.60894  6.951007
 RUN 2 GENERATION 31  77.100505  92.17133  66.369451  6.78709
 RUN 2 GENERATION 32  77.100505  92.17133  66.643724  6.778367
 RUN 2 GENERATION 33  77.100505  92.17133  66.906844  6.60616
 RUN 2 GENERATION 34  77.100505  92.17133  67.441925  6.379705
 RUN 2 GENERATION 35  77.100505  92.17133  67.835662  6.288143
 RUN 2 GENERATION 36  77.100505  92.17133  68.30298  6.169887
 RUN 2 GENERATION 37  77.100505  92.17133  68.53732  6.148857
 RUN 2 GENERATION 38  77.100505  92.17133  69.109399  5.926403
 RUN 2 GENERATION 39  77.100505  92.17133  69.655873  5.794068
 RUN 2 GENERATION 40  77.100505  92.17133  69.720318  5.734304
 RUN 2 GENERATION 41  77.100505  92.17133  70.416469  5.673463
 RUN 2 GENERATION 42  77.100505  92.17133  71.069766  6.002318
 RUN 2 GENERATION 43  77.100505  92.17133  71.299615  5.875157
 RUN 2 GENERATION 44  77.100505  92.17133  71.404977  5.800415
 RUN 2 GENERATION 45  77.100505  92.17133  71.773282  5.649177
 RUN 2 GENERATION 46  77.100505  92.17133  72.096246  5.488536
 RUN 2 GENERATION 47  77.100505  92.17133  72.611678  5.25288
 RUN 2 GENERATION 48  77.100505  92.17133  73.120446  5.002512
 RUN 2 GENERATION 49  77.100505  92.17133  73.164263  4.966403
 RUN 2 GENERATION 50  77.100505  92.17133  73.208747  4.929566
 RUN 2 GENERATION 51  77.100505  92.17133  73.327742  4.91916
 RUN 2 GENERATION 52  77.100505  92.17133  73.622908  5.179924
 RUN 2 GENERATION 53  77.100505  92.17133  73.874088  5.45302
 RUN 2 GENERATION 54  77.100505  92.17133  74.252367  5.275219
 RUN 2 GENERATION 55  77.100505  92.17133  74.369498  5.244701
 RUN 2 GENERATION 56  77.100505  92.17133  74.908462  5.244149
 RUN 2 GENERATION 57  77.100505  92.17133  75.022368  5.198703
 RUN 2 GENERATION 58  77.100505  92.17133  75.13229  5.152236
 RUN 2 GENERATION 59  77.100505  92.17133  75.368935  5.367862
 RUN 3 GENERATION 0  -19.967897  36.663297  -2.569754  10.70322
 RUN 3 GENERATION 1  -7.979671  46.83926  6.709134  14.252497
 RUN 3 GENERATION 2  19.930265  49.406752  24.342981  12.815089
 RUN 3 GENERATION 3  19.930265  49.406752  35.631549  2.671885
 RUN 3 GENERATION 4  20.362771  56.797864  36.460275  4.43291
 RUN 3 GENERATION 5  -9.946226  60.757789  36.958703  5.410512
 RUN 3 GENERATION 6  -9.946226  60.757789  37.484154  5.732209
 RUN 3 GENERATION 7  -9.946226  60.757789  37.854797  5.826309
 RUN 3 GENERATION 8  -10.340219  67.284525  38.962083  7.218367
 RUN 3 GENERATION 9  -10.340219  67.284525  39.777123  7.823934
 RUN 3 GENERATION 10  -10.340219  67.284525  39.953223  7.794482
 RUN 3 GENERATION 11  -10.340219  67.284525  40.584085  7.79757
 RUN 3 GENERATION 12  -10.340219  67.284525  41.439288  8.051412
 RUN 3 GENERATION 13  -10.340219  67.284525  42.696742  8.181445
 RUN 3 GENERATION 14  -10.340219  67.284525  43.446611  8.17897
 RUN 3 GENERATION 15  -10.340219  67.284525  44.518518  7.760907
 RUN 3 GENERATION 16  -10.340219  67.284525  45.688758  7.485798
 RUN 3 GENERATION 17  -10.340219  67.284525  46.563277  7.146182
 RUN 3 GENERATION 18  16.282686  78.565575  47.392867  7.569037
 RUN 3 GENERATION 19  16.282686  78.565575  47.681681  7.372103
 RUN 3 GENERATION 20  16.282686  78.565575  48.224972  7.169603
 RUN 3 GENERATION 21  16.282686  78.565575  48.943608  7.28513
 RUN 3 GENERATION 22  16.282686  78.565575  49.668944  7.742779
 RUN 3 GENERATION 23  16.282686  78.565575  50.204028  7.92574
 RUN 3 GENERATION 24  16.282686  78.565575  50.570491  7.927158
 RUN 3 GENERATION 25  16.282686  78.565575  50.975105  7.74385
 RUN 3 GENERATION 26  16.282686  78.565575  51.543587  7.875307
 RUN 3 GENERATION 27  16.282686  78.565575  52.048464  7.969757
 RUN 3 GENERATION 28  16.282686  78.565575  52.537797  7.90829
 RUN 3 GENERATION 29  16.282686  78.565575  53.490921  8.143563
 RUN 3 GENERATION 30  16.282686  78.565575  54.13686  8.059219
 RUN 3 GENERATION 31  16.282686  78.565575  55.27308  8.235019
 RUN 3 GENERATION 32  16.282686  78.565575  55.827145  8.454035
 RUN 3 GENERATION 33  16.282686  78.565575  56.700518  8.53813
 RUN 3 GENERATION 34  16.282686  78.565575  56.933359  8.508174
 RUN 3 GENERATION 35  16.282686  78.565575  57.923448  8.488288
 RUN 3 GENERATION 36  16.282686  78.565575  58.288698  8.276054
 RUN 3 GENERATION 37  16.282686  78.565575  58.452027  8.149364
 RUN 3 GENERATION 38  16.282686  78.565575  58.842603  8.047112
 RUN 3 GENERATION 39  16.282686  78.565575  59.432683  8.080838
 RUN 3 GENERATION 40  16.282686  78.565575  60.747941  7.72639
 RUN 3 GENERATION 41  70.432106  91.567021  61.888471  8.028844
 RUN 3 GENERATION 42  70.432106  91.567021  62.465203  7.620266
 RUN 3 GENERATION 43  70.432106  91.567021  62.987014  7.439868
 RUN 3 GENERATION 44  70.432106  91.567021  63.823612  7.178273
 RUN 3 GENERATION 45  70.432106  91.567021  64.613275  7.073803
 RUN 3 GENERATION 46  70.432106  91.567021  65.001107  6.999309
 RUN 3 GENERATION 47  70.432106  91.567021  65.19373  6.85625
 RUN 3 GENERATION 48  70.432106  91.567021  65.934767  6.485941
 RUN 3 GENERATION 49  70.432106  91.567021  66.823229  6.518251
 RUN 3 GENERATION 50  70.432106  91.567021  67.103904  6.47081
 RUN 3 GENERATION 51  70.432106  91.567021  67.827026  6.706602
 RUN 3 GENERATION 52  70.432106  91.567021  68.443481  6.888109
 RUN 3 GENERATION 53  73.835535  91.918086  69.057865  7.206731
 RUN 3 GENERATION 54  73.835535  91.918086  69.12387  7.144815
 RUN 3 GENERATION 55  73.835535  91.918086  69.635758  7.007673
 RUN 3 GENERATION 56  73.835535  91.918086  69.78179  6.934505
 RUN 3 GENERATION 57  73.835535  91.918086  70.262287  7.211839
 RUN 3 GENERATION 58  74.430195  92.039705  70.575506  7.479222
 RUN 3 GENERATION 59  74.430195  92.039705  71.002475  7.74515
 RUN 4 GENERATION 0  -34.194475  30.92901  -3.658846  8.717744
 RUN 4 GENERATION 1  -11.539  44.292877  4.856852  13.782557
 RUN 4 GENERATION 2  19.226201  56.681974  26.452567  8.882792
 RUN 4 GENERATION 3  19.226201  56.681974  34.753106  3.335062
 RUN 4 GENERATION 4  18.610965  63.957221  35.696553  3.95823
 RUN 4 GENERATION 5  18.610965  63.957221  35.816226  4.107212
 RUN 4 GENERATION 6  17.181601  78.647612  37.02598  6.339886
 RUN 4 GENERATION 7  72.831853  91.676252  38.7294  8.991437
 RUN 4 GENERATION 8  72.831853  91.676252  39.710759  9.189593
 RUN 4 GENERATION 9  72.831853  91.676252  40.165257  9.311531
 RUN 4 GENERATION 10  72.831853  91.676252  42.851472  10.477991
 RUN 4 GENERATION 11  84.652876  92.979816  44.886898  12.268885
 RUN 4 GENERATION 12  84.652876  92.979816  47.218116  12.449553
 RUN 4 GENERATION 13  84.652876  92.979816  48.357378  11.983543
 RUN 4 GENERATION 14  84.652876  92.979816  50.159567  11.481034
 RUN 4 GENERATION 15  84.652876  92.979816  51.951337  11.337005
 RUN 4 GENERATION 16  84.652876  92.979816  53.20188  11.037589
 RUN 4 GENERATION 17  84.652876  92.979816  54.646771  11.047356
 RUN 4 GENERATION 18  84.652876  92.979816  55.439054  10.973194
 RUN 4 GENERATION 19  84.652876  92.979816  55.847683  10.918019
 RUN 4 GENERATION 20  84.652876  92.979816  57.233122  11.052966
 RUN 4 GENERATION 21  84.652876  92.979816  59.293838  10.66697
 RUN 4 GENERATION 22  84.652876  92.979816  60.663998  10.464788
 RUN 4 GENERATION 23  84.652876  92.979816  61.150103  10.267895
 RUN 4 GENERATION 24  84.652876  92.979816  62.587588  10.51167
 RUN 4 GENERATION 25  84.652876  92.979816  63.794666  10.449359
 RUN 4 GENERATION 26  84.652876  92.979816  64.762791  9.882007
 RUN 4 GENERATION 27  84.652876  92.979816  66.397248  9.784936
 RUN 4 GENERATION 28  84.652876  92.979816  66.679995  9.653902
 RUN 4 GENERATION 29  84.652876  92.979816  67.011703  9.588337
 RUN 4 GENERATION 30  84.652876  92.979816  67.837359  9.690114
 RUN 4 GENERATION 31  84.652876  92.979816  68.266578  9.522136
 RUN 4 GENERATION 32  84.652876  92.979816  69.07414  9.165306
 RUN 4 GENERATION 33  84.652876  92.979816  69.63829  9.332626
 RUN 4 GENERATION 34  84.652876  92.979816  70.202232  9.112929
 RUN 4 GENERATION 35  84.652876  92.979816  70.345614  9.029213
 RUN 4 GENERATION 36  84.652876  92.979816  70.974779  8.739618
 RUN 4 GENERATION 37  84.652876  92.979816  71.488454  8.763365
 RUN 4 GENERATION 38  84.652876  92.979816  71.72231  8.661944
 RUN 4 GENERATION 39  84.652876  92.979816  72.103739  8.444382
 RUN 4 GENERATION 40  84.652876  92.979816  72.42704  8.262456
 RUN 4 GENERATION 41  84.652876  92.979816  72.95107  7.953398
 RUN 4 GENERATION 42  84.652876  92.979816  73.643896  7.951099
 RUN 4 GENERATION 43  84.652876  92.979816  73.750223  7.86132
 RUN 4 GENERATION 44  84.652876  92.979816  73.935533  7.777693
 RUN 4 GENERATION 45  84.652876  92.979816  73.968972  7.742331
 RUN 4 GENERATION 46  84.652876  92.979816  74.000961  7.707957
 RUN 4 GENERATION 47  84.652876  92.979816  74.214529  7.594936
 RUN 4 GENERATION 48  84.652876  92.979816  74.488211  7.412237
 RUN 4 GENERATION 49  84.652876  92.979816  74.538015  7.373695
 RUN 4 GENERATION 50  84.652876  92.979816  75.154967  7.643677
 RUN 4 GENERATION 51  84.652876  92.979816  75.38855  7.748269
 RUN 4 GENERATION 52  84.652876  92.979816  75.489825  7.672829
 RUN 4 GENERATION 53  84.652876  92.979816  75.601784  7.630972
 RUN 4 GENERATION 54  84.652876  92.979816  75.759198  7.552133
 RUN 4 GENERATION 55  84.652876  92.979816  75.987651  7.461014
 RUN 4 GENERATION 56  84.652876  92.979816  76.046642  7.414357
 RUN 4 GENERATION 57  84.652876  92.979816  76.375342  7.452679
 RUN 4 GENERATION 58  84.652876  92.979816  76.530301  7.355494
 RUN 4 GENERATION 59  84.652876  92.979816  76.782734  7.16317
 RUN 5 GENERATION 0  22.729623  34.919683  -3.034872  9.345988
 RUN 5 GENERATION 1  -19.553683  36.559135  6.271156  13.400913
 RUN 5 GENERATION 2  23.124194  42.25529  21.774919  10.67336
 RUN 5 GENERATION 3  23.124194  42.25529  32.058462  5.426453
 RUN 5 GENERATION 4  -7.813986  46.746609  35.342263  1.70309
 RUN 5 GENERATION 5  -8.920705  53.857773  35.864654  3.02988
 RUN 5 GENERATION 6  -8.920705  53.857773  36.099759  3.172542
 RUN 5 GENERATION 7  -8.920705  53.857773  36.800194  4.127924
 RUN 5 GENERATION 8  17.048431  71.174906  37.702437  5.375532
 RUN 5 GENERATION 9  17.048431  71.174906  38.49616  6.027229
 RUN 5 GENERATION 10  17.048431  71.174906  39.598562  6.34442
 RUN 5 GENERATION 11  17.048431  71.174906  41.161735  6.594393
 RUN 5 GENERATION 12  17.048431  71.174906  42.645643  7.141424
 RUN 5 GENERATION 13  17.048431  71.174906  43.673316  7.236613
 RUN 5 GENERATION 14  17.048431  71.174906  45.093603  7.054416
 RUN 5 GENERATION 15  17.048431  71.174906  46.443997  6.740305
 RUN 5 GENERATION 16  17.048431  71.174906  47.542021  6.532344
 RUN 5 GENERATION 17  17.048431  71.174906  49.088486  6.238243
 RUN 5 GENERATION 18  17.048431  71.174906  50.79879  6.338415
 RUN 5 GENERATION 19  17.048431  71.174906  51.318283  6.097145
 RUN 5 GENERATION 20  17.048431  71.174906  52.14312  5.798221
 RUN 5 GENERATION 21  17.048431  71.174906  52.463169  5.638771
 RUN 5 GENERATION 22  17.048431  71.174906  53.075986  5.545893
 RUN 5 GENERATION 23  17.048431  71.174906  53.388985  5.52243
 RUN 5 GENERATION 24  17.048431  71.174906  53.761604  5.610014
 RUN 5 GENERATION 25  17.048431  71.174906  54.535483  5.867667
 RUN 5 GENERATION 26  17.048431  71.174906  54.83718  5.781371
 RUN 5 GENERATION 27  17.048431  71.174906  55.164492  5.9039
 RUN 5 GENERATION 28  10.873882  77.992154  55.999291  6.381436
 RUN 5 GENERATION 29  10.873882  77.992154  56.495902  6.262924
 RUN 5 GENERATION 30  10.873882  77.992154  57.405188  6.344398
 RUN 5 GENERATION 31  69.185905  91.344253  58.258555  6.881322
 RUN 5 GENERATION 32  69.185905  91.344253  58.935249  6.92632
 RUN 5 GENERATION 33  69.185905  91.344253  59.666795  6.896818
 RUN 5 GENERATION 34  69.185905  91.344253  59.908337  6.810155
 RUN 5 GENERATION 35  69.185905  91.344253  60.423571  6.690162
 RUN 5 GENERATION 36  69.185905  91.344253  60.899951  6.741237
 RUN 5 GENERATION 37  69.185905  91.344253  61.248498  6.814103
 RUN 5 GENERATION 38  69.185905  91.344253  61.555588  6.774518
 RUN 5 GENERATION 39  69.185905  91.344253  62.212275  6.579688
 RUN 5 GENERATION 40  69.185905  91.344253  62.838362  7.039144
 RUN 5 GENERATION 41  69.185905  91.344253  63.095235  6.951457
 RUN 5 GENERATION 42  69.185905  91.344253  63.589372  7.011452
 RUN 5 GENERATION 43  72.892665  91.512101  64.012187  7.468641
 RUN 5 GENERATION 44  72.892665  91.512101  64.397102  7.337148
 RUN 5 GENERATION 45  72.892665  91.512101  64.541352  7.32192
 RUN 5 GENERATION 46  72.892665  91.512101  64.815957  7.193821
 RUN 5 GENERATION 47  72.892665  91.512101  65.28294  7.1681
 RUN 5 GENERATION 48  72.892665  91.512101  65.747651  7.110316
 RUN 5 GENERATION 49  72.892665  91.512101  66.062502  7.000183
 RUN 5 GENERATION 50  72.892665  91.512101  66.275215  7.048851
 RUN 5 GENERATION 51  72.892665  91.512101  66.619918  7.270118
 RUN 5 GENERATION 52  72.892665  91.512101  67.124694  7.496558
 RUN 5 GENERATION 53  72.892665  91.512101  67.433945  7.425367
 RUN 5 GENERATION 54  72.892665  91.512101  67.871076  7.168425
 RUN 5 GENERATION 55  72.892665  91.512101  68.17378  7.116953
 RUN 5 GENERATION 56  72.892665  91.512101  68.852311  7.130612
 RUN 5 GENERATION 57  72.892665  91.512101  68.894951  7.088494
 RUN 5 GENERATION 58  72.892665  91.512101  69.304987  6.946006
 RUN 5 GENERATION 59  72.892665  91.512101  69.393068  6.870927
 RUN 6 GENERATION 0  -11.290472  44.254218  -3.857334  9.408175
 RUN 6 GENERATION 1  -11.290472  44.254218  3.911293  13.654037
 RUN 6 GENERATION 2  -16.084427  46.914248  24.555167  11.09944
 RUN 6 GENERATION 3  19.64695  64.072574  36.111415  4.134641
 RUN 6 GENERATION 4  19.64695  64.072574  37.327274  5.535012
 RUN 6 GENERATION 5  19.64695  64.072574  38.201634  6.106153
 RUN 6 GENERATION 6  18.148733  71.24019  39.244615  7.00335
 RUN 6 GENERATION 7  -13.108773  72.939294  41.312603  7.924692
 RUN 6 GENERATION 8  -13.108773  72.939294  41.991398  8.008101
 RUN 6 GENERATION 9  -13.108773  72.939294  43.588505  8.005105
 RUN 6 GENERATION 10  -13.108773  72.939294  44.600814  7.852905
 RUN 6 GENERATION 11  16.635955  78.623855  46.507266  9.033797
 RUN 6 GENERATION 12  16.635955  78.623855  47.78294  8.994906
 RUN 6 GENERATION 13  16.635955  78.623855  49.063585  9.136772
 RUN 6 GENERATION 14  16.635955  78.623855  49.887796  9.079712
 RUN 6 GENERATION 15  16.635955  78.623855  51.039131  9.048914
 RUN 6 GENERATION 16  16.635955  78.623855  52.145474  9.364286
 RUN 6 GENERATION 17  16.635955  78.623855  52.856979  9.385382
 RUN 6 GENERATION 18  16.635955  78.623855  53.932335  9.351326
 RUN 6 GENERATION 19  64.100336  90.834435  55.57673  10.304291
 RUN 6 GENERATION 20  64.100336  90.834435  56.52119  10.32282
 RUN 6 GENERATION 21  64.100336  90.834435  57.371278  10.406731
 RUN 6 GENERATION 22  72.752551  91.799173  58.506948  10.795033
 RUN 6 GENERATION 23  72.752551  91.799173  59.287939  10.72582
 RUN 6 GENERATION 24  72.752551  91.799173  60.672115  10.349449
 RUN 6 GENERATION 25  72.752551  91.799173  60.735952  10.274421
 RUN 6 GENERATION 26  72.752551  91.799173  61.43641  9.823882
 RUN 6 GENERATION 27  72.752551  91.799173  61.977567  9.534059
 RUN 6 GENERATION 28  72.752551  91.799173  62.998424  9.495548
 RUN 6 GENERATION 29  72.752551  91.799173  63.972303  9.139871
 RUN 6 GENERATION 30  72.752551  91.799173  64.67253  9.20783
 RUN 6 GENERATION 31  72.752551  91.799173  65.147684  8.899489
 RUN 6 GENERATION 32  72.752551  91.799173  65.487217  8.69762
 RUN 6 GENERATION 33  72.752551  91.799173  65.902245  8.563019
 RUN 6 GENERATION 34  78.397959  92.193006  66.517009  8.728968
 RUN 6 GENERATION 35  78.397959  92.193006  67.169256  8.370541
 RUN 6 GENERATION 36  78.397959  92.193006  68.004452  8.39221
 RUN 6 GENERATION 37  78.397959  92.193006  68.403189  8.192839
 RUN 6 GENERATION 38  78.397959  92.193006  68.608742  8.041548
 RUN 6 GENERATION 39  78.397959  92.193006  68.820907  7.934298
 RUN 6 GENERATION 40  78.397959  92.193006  69.30628  8.190656
 RUN 6 GENERATION 41  78.397959  92.193006  69.621625  8.019527
 RUN 6 GENERATION 42  78.397959  92.193006  70.544732  7.937476
 RUN 6 GENERATION 43  78.397959  92.193006  71.781005  8.095419
 RUN 6 GENERATION 44  78.397959  92.193006  71.908353  8.02032
 RUN 6 GENERATION 45  78.397959  92.193006  71.91  8.018679
 RUN 6 GENERATION 46  78.397959  92.193006  72.328919  7.916418
 RUN 6 GENERATION 47  78.397959  92.193006  72.7876  7.97873
 RUN 6 GENERATION 48  78.397959  92.193006  72.861113  7.931113
 RUN 6 GENERATION 49  78.397959  92.193006  72.969209  7.851665
 RUN 6 GENERATION 50  78.397959  92.193006  73.148426  7.712205
 RUN 6 GENERATION 51  80.27729  92.482246  73.609645  7.823878
 RUN 6 GENERATION 52  80.27729  92.482246  73.979997  7.538871
 RUN 6 GENERATION 53  80.27729  92.482246  74.415024  7.366712
 RUN 6 GENERATION 54  80.27729  92.482246  74.500097  7.302044
 RUN 6 GENERATION 55  80.27729  92.482246  74.657694  7.239682
 RUN 6 GENERATION 56  80.27729  92.482246  74.813627  7.176494
 RUN 6 GENERATION 57  80.27729  92.482246  74.815361  7.174644
 RUN 6 GENERATION 58  80.27729  92.482246  74.93249  7.14185
 RUN 6 GENERATION 59  80.27729  92.482246  75.212627  7.236858
 RUN 7 GENERATION 0  23.308907  35.055152  -2.681711  9.838939
 RUN 7 GENERATION 1  -13.195854  44.215669  8.514655  14.651428
 RUN 7 GENERATION 2  -13.195854  44.215669  24.158834  11.743677
 RUN 7 GENERATION 3  20.141916  49.154061  35.277979  1.80007
 RUN 7 GENERATION 4  20.141916  49.154061  35.420023  2.01876
 RUN 7 GENERATION 5  -10.577559  53.829511  35.919842  3.253728
 RUN 7 GENERATION 6  -15.062254  66.718821  37.033052  5.585158
 RUN 7 GENERATION 7  17.531174  71.321754  38.68902  7.152083
 RUN 7 GENERATION 8  -14.268571  72.522177  40.316557  8.241917
 RUN 7 GENERATION 9  -12.611717  72.893294  41.74784  8.688217
 RUN 7 GENERATION 10  -12.611717  72.893294  43.624718  8.812393
 RUN 7 GENERATION 11  -12.611717  72.893294  45.88281  8.848767
 RUN 7 GENERATION 12  17.181601  78.625824  48.019219  9.604362
 RUN 7 GENERATION 13  17.181601  78.625824  49.238708  9.382106
 RUN 7 GENERATION 14  17.181601  78.625824  50.722361  9.35165
 RUN 7 GENERATION 15  17.181601  78.625824  51.752421  9.199943
 RUN 7 GENERATION 16  17.181601  78.625824  53.175985  9.075394
 RUN 7 GENERATION 17  19.95681  78.798397  54.145308  9.208301
 RUN 7 GENERATION 18  68.743201  91.121139  55.041347  9.66477
 RUN 7 GENERATION 19  68.743201  91.121139  55.148602  9.564321
 RUN 7 GENERATION 20  68.743201  91.121139  56.531989  9.484827
 RUN 7 GENERATION 21  68.743201  91.121139  57.566134  9.527736
 RUN 7 GENERATION 22  83.651531  92.627107  59.340615  10.175985
 RUN 7 GENERATION 23  83.651531  92.627107  60.346648  9.928396
 RUN 7 GENERATION 24  83.651531  92.627107  61.513667  10.176856
 RUN 7 GENERATION 25  83.446089  92.696162  62.597926  10.127395
 RUN 7 GENERATION 26  83.446089  92.696162  62.985209  9.957126
 RUN 7 GENERATION 27  83.446089  92.696162  63.833694  9.752284
 RUN 7 GENERATION 28  83.446089  92.696162  64.483786  9.378848
 RUN 7 GENERATION 29  83.446089  92.696162  64.758968  9.183028
 RUN 7 GENERATION 30  83.446089  92.696162  64.930455  9.054881
 RUN 7 GENERATION 31  83.446089  92.696162  65.332911  8.798717
 RUN 7 GENERATION 32  83.446089  92.696162  65.515075  8.676428
 RUN 7 GENERATION 33  83.446089  92.696162  66.310615  8.833935
 RUN 7 GENERATION 34  83.446089  92.696162  66.573683  8.752357
 RUN 7 GENERATION 35  83.446089  92.696162  66.630073  8.707886
 RUN 7 GENERATION 36  83.446089  92.696162  66.813688  8.63367
 RUN 7 GENERATION 37  83.446089  92.696162  67.635931  8.308657
 RUN 7 GENERATION 38  83.446089  92.696162  67.922821  8.144267
 RUN 7 GENERATION 39  83.446089  92.696162  68.022863  8.084038
 RUN 7 GENERATION 40  83.446089  92.696162  68.022863  8.084038
 RUN 7 GENERATION 41  83.446089  92.696162  68.315404  8.086823
 RUN 7 GENERATION 42  83.446089  92.696162  68.862663  8.283212
 RUN 7 GENERATION 43  83.446089  92.696162  69.141932  8.1618
 RUN 7 GENERATION 44  83.446089  92.696162  69.158122  8.146413
 RUN 7 GENERATION 45  83.446089  92.696162  69.158122  8.146413
 RUN 7 GENERATION 46  83.446089  92.696162  69.500033  8.062056
 RUN 7 GENERATION 47  83.446089  92.696162  69.602336  7.979087
 RUN 7 GENERATION 48  83.446089  92.696162  69.832156  7.879909
 RUN 7 GENERATION 49  83.446089  92.696162  70.044345  7.758392
 RUN 7 GENERATION 50  83.446089  92.696162  70.180287  7.688859
 RUN 7 GENERATION 51  83.446089  92.696162  70.443287  7.612836
 RUN 7 GENERATION 52  83.446089  92.696162  70.525512  7.571189
 RUN 7 GENERATION 53  83.446089  92.696162  71.027059  7.445846
 RUN 7 GENERATION 54  83.446089  92.696162  71.394633  7.385929
 RUN 7 GENERATION 55  83.446089  92.696162  71.729152  7.560984
 RUN 7 GENERATION 56  83.446089  92.696162  72.387457  7.616211
 RUN 7 GENERATION 57  83.446089  92.696162  72.464893  7.566663
 RUN 7 GENERATION 58  83.446089  92.696162  72.495602  7.537963
 RUN 7 GENERATION 59  83.446089  92.696162  72.927941  7.718636
 RUN 8 GENERATION 0  22.729623  34.919683  -4.710822  6.829285
 RUN 8 GENERATION 1  -17.889683  42.140169  3.69095  12.315457
 RUN 8 GENERATION 2  17.663398  71.213092  22.986978  13.93121
 RUN 8 GENERATION 3  17.663398  71.213092  35.77834  4.76545
 RUN 8 GENERATION 4  17.663398  71.213092  35.88119  4.803011
 RUN 8 GENERATION 5  17.663398  71.213092  36.217223  5.154622
 RUN 8 GENERATION 6  17.663398  71.213092  36.642157  5.496512
 RUN 8 GENERATION 7  17.663398  71.213092  37.316345  6.031197
 RUN 8 GENERATION 8  15.310269  78.442459  39.035656  8.244047
 RUN 8 GENERATION 9  15.310269  78.442459  40.779245  9.252738
 RUN 8 GENERATION 10  15.310269  78.442459  42.674417  9.421859
 RUN 8 GENERATION 11  15.310269  78.442459  43.539976  9.179289
 RUN 8 GENERATION 12  15.310269  78.442459  44.923001  8.729228
 RUN 8 GENERATION 13  15.310269  78.442459  46.439274  8.247437
 RUN 8 GENERATION 14  15.310269  78.442459  48.135944  8.030109
 RUN 8 GENERATION 15  15.310269  78.442459  48.687571  7.780077
 RUN 8 GENERATION 16  15.310269  78.442459  49.84099  7.551748
 RUN 8 GENERATION 17  15.310269  78.442459  50.730051  7.080976
 RUN 8 GENERATION 18  15.310269  78.442459  51.303682  6.832971
 RUN 8 GENERATION 19  15.310269  78.442459  52.18393  6.595034
 RUN 8 GENERATION 20  15.310269  78.442459  52.596985  6.316443
 RUN 8 GENERATION 21  15.310269  78.442459  53.421852  6.315393
 RUN 8 GENERATION 22  15.310269  78.442459  54.075459  6.876612
 RUN 8 GENERATION 23  15.310269  78.442459  54.818687  7.151539
 RUN 8 GENERATION 24  15.310269  78.442459  55.122043  7.102769
 RUN 8 GENERATION 25  15.310269  78.442459  55.567514  7.272882
 RUN 8 GENERATION 26  15.310269  78.442459  55.831171  7.184669
 RUN 8 GENERATION 27  15.310269  78.442459  56.129639  7.119894
 RUN 8 GENERATION 28  15.310269  78.442459  56.680209  7.218079
 RUN 8 GENERATION 29  15.310269  78.442459  56.939515  7.113288
 RUN 8 GENERATION 30  15.310269  78.442459  57.085475  7.107824
 RUN 8 GENERATION 31  15.310269  78.442459  57.659489  7.122336
 RUN 8 GENERATION 32  57.048081  90.008141  58.323822  7.659967
 RUN 8 GENERATION 33  57.048081  90.008141  58.801899  7.460943
 RUN 8 GENERATION 34  57.048081  90.008141  58.947834  7.326878
 RUN 8 GENERATION 35  57.048081  90.008141  59.997041  7.306385
 RUN 8 GENERATION 36  57.048081  90.008141  60.812192  7.046471
 RUN 8 GENERATION 37  57.048081  90.008141  61.311829  6.736331
 RUN 8 GENERATION 38  57.048081  90.008141  61.6521  6.546518
 RUN 8 GENERATION 39  70.897482  91.517613  62.681801  6.891215
 RUN 8 GENERATION 40  70.897482  91.517613  63.075288  7.338882
 RUN 8 GENERATION 41  70.897482  91.517613  63.402833  7.26138
 RUN 8 GENERATION 42  70.897482  91.517613  63.559992  7.188615
 RUN 8 GENERATION 43  70.897482  91.517613  63.681151  7.119451
 RUN 8 GENERATION 44  70.897482  91.517613  64.233749  7.10141
 RUN 8 GENERATION 45  70.897482  91.517613  64.311444  7.055999
 RUN 8 GENERATION 46  70.897482  91.517613  64.396831  6.986178
 RUN 8 GENERATION 47  70.897482  91.517613  64.398099  6.9848
 RUN 8 GENERATION 48  70.897482  91.517613  64.969626  6.847724
 RUN 8 GENERATION 49  70.897482  91.517613  65.324463  6.732933
 RUN 8 GENERATION 50  70.897482  91.517613  65.520947  6.568148
 RUN 8 GENERATION 51  70.897482  91.517613  65.556349  6.532775
 RUN 8 GENERATION 52  70.897482  91.517613  65.879903  6.347905
 RUN 8 GENERATION 53  70.897482  91.517613  66.500786  6.693357
 RUN 8 GENERATION 54  70.897482  91.517613  66.78624  6.74182
 RUN 8 GENERATION 55  70.897482  91.517613  66.958404  6.698122
 RUN 8 GENERATION 56  70.897482  91.517613  67.19739  6.640377
 RUN 8 GENERATION 57  70.897482  91.517613  67.300471  6.618728
 RUN 8 GENERATION 58  70.897482  91.517613  67.901117  6.96819
 RUN 8 GENERATION 59  70.897482  91.517613  68.551579  7.337978
 RUN 9 GENERATION 0  22.729623  34.919683  -3.950956  10.17458
 RUN 9 GENERATION 1  22.729623  34.919683  3.155932  12.981967
 RUN 9 GENERATION 2  -16.529188  40.785273  18.074085  13.760881
 RUN 9 GENERATION 3  -16.529188  40.785273  33.127789  4.296066
 RUN 9 GENERATION 4  21.294534  42.238203  35.091323  0.960612
 RUN 9 GENERATION 5  21.294534  42.238203  35.118787  0.989369
 RUN 9 GENERATION 6  21.294534  42.238203  35.264316  1.399524
 RUN 9 GENERATION 7  21.294534  42.238203  35.340732  1.560772
 RUN 9 GENERATION 8  21.294534  42.238203  35.416566  1.695521
 RUN 9 GENERATION 9  11.471429  48.913497  35.795389  2.400241
 RUN 9 GENERATION 10  -11.074615  53.619588  36.225519  3.36004
 RUN 9 GENERATION 11  -14.067282  62.751933  36.958113  4.550641
 RUN 9 GENERATION 12  -14.067282  62.751933  37.14406  4.577254
 RUN 9 GENERATION 13  21.286139  64.295881  37.826053  5.340653
 RUN 9 GENERATION 14  -12.825501  67.089037  38.718543  6.16634
 RUN 9 GENERATION 15  -11.002961  67.229911  40.568498  7.597154
 RUN 9 GENERATION 16  -11.002961  67.229911  41.732481  7.82009
 RUN 9 GENERATION 17  -11.002961  67.229911  42.64421  7.788086
 RUN 9 GENERATION 18  -11.002961  67.229911  43.84939  7.534533
 RUN 9 GENERATION 19  -11.002961  67.229911  44.828539  7.435648
 RUN 9 GENERATION 20  17.318609  71.317878  46.251375  7.446552
 RUN 9 GENERATION 21  17.318609  71.317878  46.980913  7.190499
 RUN 9 GENERATION 22  17.318609  71.317878  47.875117  7.523297
 RUN 9 GENERATION 23  14.880263  78.314141  49.426566  7.938035
 RUN 9 GENERATION 24  14.880263  78.314141  50.537725  8.228068
 RUN 9 GENERATION 25  14.880263  78.314141  51.784447  8.324906
 RUN 9 GENERATION 26  14.880263  78.314141  52.710547  8.595054
 RUN 9 GENERATION 27  14.880263  78.314141  53.754522  8.390672
 RUN 9 GENERATION 28  14.880263  78.314141  54.1894  8.32868
 RUN 9 GENERATION 29  14.880263  78.314141  55.005032  8.016106
 RUN 9 GENERATION 30  18.103794  78.777242  56.114734  8.182941
 RUN 9 GENERATION 31  18.625875  78.849037  57.332813  8.296357
 RUN 9 GENERATION 32  18.625875  78.849037  57.763126  8.183103
 RUN 9 GENERATION 33  18.625875  78.849037  58.05719  8.10761
 RUN 9 GENERATION 34  18.625875  78.849037  58.439091  8.022929
 RUN 9 GENERATION 35  18.625875  78.849037  59.024021  8.026038
 RUN 9 GENERATION 36  60.147318  90.277675  59.567062  8.494572
 RUN 9 GENERATION 37  60.147318  90.277675  60.07812  8.333515
 RUN 9 GENERATION 38  60.147318  90.277675  60.507884  8.204915
 RUN 9 GENERATION 39  60.147318  90.277675  61.268593  8.147375
 RUN 9 GENERATION 40  72.752551  91.671848  62.390744  8.32988
 RUN 9 GENERATION 41  72.752551  91.671848  62.614072  8.145689
 RUN 9 GENERATION 42  72.752551  91.671848  62.614072  8.145689
 RUN 9 GENERATION 43  72.752551  91.671848  63.271173  8.133288
 RUN 9 GENERATION 44  72.752551  91.671848  63.617632  8.121517
 RUN 9 GENERATION 45  72.752551  91.671848  63.817201  8.053818
 RUN 9 GENERATION 46  72.752551  91.671848  64.024976  7.876312
 RUN 9 GENERATION 47  72.752551  91.671848  64.907019  7.734612
 RUN 9 GENERATION 48  72.752551  91.671848  65.208297  7.562587
 RUN 9 GENERATION 49  72.752551  91.671848  65.27081  7.503034
 RUN 9 GENERATION 50  74.430195  92.038461  65.699478  7.860571
 RUN 9 GENERATION 51  74.430195  92.038461  66.143093  7.743719
 RUN 9 GENERATION 52  74.430195  92.038461  66.535253  7.425931
 RUN 9 GENERATION 53  74.430195  92.038461  66.644031  7.325415
 RUN 9 GENERATION 54  74.430195  92.038461  66.91225  7.154595
 RUN 9 GENERATION 55  74.430195  92.038461  67.056832  7.098263
 RUN 9 GENERATION 56  83.22979  92.817521  67.556486  7.414761
 RUN 9 GENERATION 57  83.22979  92.817521  67.623316  7.350558
 RUN 9 GENERATION 58  83.22979  92.817521  67.872084  7.315868
 RUN 9 GENERATION 59  83.22979  92.817521  68.600719  7.23409