
 RUN 0 GENERATION 0  -15.505103  26.340838  -3.938469  5.680738
 RUN 0 GENERATION 1  -24.477153  28.564258  -2.336068  7.547073
 RUN 0 GENERATION 2  -12.785287  35.834874  2.131277  9.699303
 RUN 0 GENERATION 3  -12.785287  35.834874  4.430336  8.967322
 RUN 0 GENERATION 4  -12.785287  35.834874  3.691049  10.453382
 RUN 0 GENERATION 5  -12.785287  35.834874  4.088765  9.402478
 RUN 0 GENERATION 6  -12.785287  35.834874  6.06171  9.174895
 RUN 0 GENERATION 7  -12.785287  35.834874  6.080272  10.999851
 RUN 0 GENERATION 8  -3.102996  37.959491  6.0169  11.882986
 RUN 0 GENERATION 9  -3.102996  37.959491  8.185174  10.569765
 RUN 0 GENERATION 10  -3.102996  37.959491  5.901682  10.70507
 RUN 0 GENERATION 11  -3.102996  37.959491  8.019677  10.441311
 RUN 0 GENERATION 12  -3.102996  37.959491  6.141344  11.012259
 RUN 0 GENERATION 13  -3.102996  37.959491  7.668771  10.703444
 RUN 0 GENERATION 14  -3.102996  37.959491  8.062927  9.91331
 RUN 0 GENERATION 15  -3.102996  37.959491  9.382724  9.299508
 RUN 0 GENERATION 16  -3.102996  37.959491  9.70441  9.598588
 RUN 0 GENERATION 17  -13.670068  42.686179  7.925809  10.812003
 RUN 0 GENERATION 18  -13.670068  42.686179  8.922375  10.944898
 RUN 0 GENERATION 19  -28.619288  50.080697  11.436481  10.242456
 RUN 0 GENERATION 20  -28.619288  50.080697  7.73795  10.66455
 RUN 0 GENERATION 21  -28.619288  50.080697  7.871406  10.703667
 RUN 0 GENERATION 22  -28.619288  50.080697  8.695402  10.690032
 RUN 0 GENERATION 23  -28.619288  50.080697  8.585217  10.2329
 RUN 0 GENERATION 24  -28.619288  50.080697  7.190286  11.102085
 RUN 0 GENERATION 25  -28.619288  50.080697  7.258371  11.315438
 RUN 0 GENERATION 26  -28.619288  50.080697  8.429375  9.760171
 RUN 0 GENERATION 27  -28.619288  50.080697  8.707731  9.608609
 RUN 0 GENERATION 28  -28.619288  50.080697  7.858429  11.119768
 RUN 0 GENERATION 29  -28.619288  50.080697  8.616711  9.836952
 RUN 0 GENERATION 30  -28.619288  50.080697  6.45818  10.783185
 RUN 0 GENERATION 31  -28.619288  50.080697  9.321383  10.03144
 RUN 0 GENERATION 32  -28.619288  50.080697  9.499138  10.014721
 RUN 0 GENERATION 33  -28.619288  50.080697  8.604529  10.708806
 RUN 0 GENERATION 34  -28.619288  50.080697  9.946121  9.590788
 RUN 0 GENERATION 35  -28.619288  50.080697  6.180043  12.031633
 RUN 0 GENERATION 36  -28.619288  50.080697  7.847184  10.677484
 RUN 0 GENERATION 37  -28.619288  50.080697  7.059923  11.906066
 RUN 0 GENERATION 38  -28.619288  50.080697  8.421336  11.194836
 RUN 0 GENERATION 39  -28.619288  50.080697  8.401612  10.746655
 RUN 0 GENERATION 40  -28.619288  50.080697  8.67573  11.306904
 RUN 0 GENERATION 41  -28.619288  50.080697  6.871579  10.509411
 RUN 0 GENERATION 42  -18.619288  58.840567  7.530747  12.163586
 RUN 0 GENERATION 43  -18.619288  58.840567  7.731737  10.847382
 RUN 0 GENERATION 44  -18.619288  58.840567  7.709709  11.268261
 RUN 0 GENERATION 45  -18.619288  58.840567  6.437664  12.219528
 RUN 0 GENERATION 46  -18.619288  58.840567  6.790376  10.823806
 RUN 0 GENERATION 47  -18.619288  58.840567  6.51801  11.157691
 RUN 0 GENERATION 48  -18.619288  58.840567  8.699426  10.375598
 RUN 0 GENERATION 49  -18.619288  58.840567  4.881586  11.799807
 RUN 0 GENERATION 50  -18.619288  58.840567  9.055109  11.065152
 RUN 0 GENERATION 51  -18.619288  58.840567  8.496413  12.112946
 RUN 0 GENERATION 52  -18.619288  58.840567  8.245006  11.787476
 RUN 0 GENERATION 53  -18.619288  58.840567  7.079298  11.799129
 RUN 0 GENERATION 54  -18.619288  58.840567  9.686479  12.293685
 RUN 0 GENERATION 55  -18.619288  58.840567  9.216079  11.654166
 RUN 0 GENERATION 56  -18.619288  58.840567  4.968989  12.80173
 RUN 0 GENERATION 57  -18.619288  58.840567  7.438997  13.212026
 RUN 0 GENERATION 58  -18.619288  58.840567  8.931136  11.169913
 RUN 0 GENERATION 59  -18.619288  58.840567  7.690854  12.017215
 RUN 1 GENERATION 0  -45.857864  17.920741  -4.31768  5.674035
 RUN 1 GENERATION 1  -23.670068  33.666697  -2.221879  7.454199
 RUN 1 GENERATION 2  -23.670068  33.666697  0.433017  8.29417
 RUN 1 GENERATION 3  -23.670068  33.666697  0.47046  7.695987
 RUN 1 GENERATION 4  -23.670068  33.666697  3.455542  8.294517
 RUN 1 GENERATION 5  -23.670068  33.666697  6.66744  9.385584
 RUN 1 GENERATION 6  -23.670068  33.666697  4.618958  9.646855
 RUN 1 GENERATION 7  -23.670068  33.666697  3.721356  9.280303
 RUN 1 GENERATION 8  -23.670068  33.666697  6.839465  8.88807
 RUN 1 GENERATION 9  -23.670068  33.666697  8.638759  9.521501
 RUN 1 GENERATION 10  -8.459826  35.214842  6.242665  10.900299
 RUN 1 GENERATION 11  -14.477153  37.319019  5.694412  11.018186
 RUN 1 GENERATION 12  -4.179951  37.950209  7.160826  10.65394
 RUN 1 GENERATION 13  -4.179951  37.950209  4.698574  10.972913
 RUN 1 GENERATION 14  -4.179951  37.950209  8.745144  9.95617
 RUN 1 GENERATION 15  -4.179951  37.950209  8.334494  10.402409
 RUN 1 GENERATION 16  -4.179951  37.950209  8.100116  10.313433
 RUN 1 GENERATION 17  -4.179951  37.950209  5.663111  11.833619
 RUN 1 GENERATION 18  -31.952621  46.89063  9.995662  11.319376
 RUN 1 GENERATION 19  -31.952621  46.89063  6.823375  12.722227
 RUN 1 GENERATION 20  -31.952621  46.89063  9.181049  11.240414
 RUN 1 GENERATION 21  -31.952621  46.89063  8.360246  11.580191
 RUN 1 GENERATION 22  -7.238576  60.506022  9.245743  10.48894
 RUN 1 GENERATION 23  -7.238576  60.506022  8.987084  11.466976
 RUN 1 GENERATION 24  -7.238576  60.506022  7.891443  11.050083
 RUN 1 GENERATION 25  -7.238576  60.506022  7.83635  11.508829
 RUN 1 GENERATION 26  -7.238576  60.506022  7.673312  11.125654
 RUN 1 GENERATION 27  -7.238576  60.506022  8.659255  11.136728
 RUN 1 GENERATION 28  -7.238576  60.506022  7.978466  11.083785
 RUN 1 GENERATION 29  -7.238576  60.506022  9.27383  10.996986
 RUN 1 GENERATION 30  -7.238576  60.506022  8.469471  10.403408
 RUN 1 GENERATION 31  -7.238576  60.506022  9.350122  10.455663
 RUN 1 GENERATION 32  -7.238576  60.506022  7.921086  11.049912
 RUN 1 GENERATION 33  -7.238576  60.506022  9.568647  11.30088
 RUN 1 GENERATION 34  -7.238576  60.506022  8.6732  11.071752
 RUN 1 GENERATION 35  -7.238576  60.506022  7.794862  11.297962
 RUN 1 GENERATION 36  -7.238576  60.506022  10.243139  11.509741
 RUN 1 GENERATION 37  -7.238576  60.506022  8.431113  11.973379
 RUN 1 GENERATION 38  -7.238576  60.506022  8.226848  12.766729
 RUN 1 GENERATION 39  -7.238576  60.506022  8.902086  11.865518
 RUN 1 GENERATION 40  -7.238576  60.506022  8.020847  12.825916
 RUN 1 GENERATION 41  -7.238576  60.506022  9.804961  12.293653
 RUN 1 GENERATION 42  -7.238576  60.506022  9.800258  12.608068
 RUN 1 GENERATION 43  -7.238576  60.506022  6.788464  12.612153
 RUN 1 GENERATION 44  -7.238576  60.506022  6.822007  11.949296
 RUN 1 GENERATION 45  -7.238576  60.506022  10.432178  11.13538
 RUN 1 GENERATION 46  -7.238576  60.506022  9.833461  11.312362
 RUN 1 GENERATION 47  -7.238576  60.506022  8.624934  12.303061
 RUN 1 GENERATION 48  -7.238576  60.506022  8.243537  13.196264
 RUN 1 GENERATION 49  -7.238576  60.506022  9.978744  11.310831
 RUN 1 GENERATION 50  -7.238576  60.506022  8.320859  12.209589
 RUN 1 GENERATION 51  -7.238576  60.506022  7.238596  11.936764
 RUN 1 GENERATION 52  -7.238576  60.506022  9.198375  10.962289
 RUN 1 GENERATION 53  -7.238576  60.506022  8.037225  10.487406
 RUN 1 GENERATION 54  -7.238576  60.506022  6.758199  11.926324
 RUN 1 GENERATION 55  -7.238576  60.506022  6.672387  12.028027
 RUN 1 GENERATION 56  -7.238576  60.506022  8.492646  11.704305
 RUN 1 GENERATION 57  -7.238576  60.506022  9.116468  11.743849
 RUN 1 GENERATION 58  -7.238576  60.506022  6.673248  11.182879
 RUN 1 GENERATION 59  -7.238576  60.506022  9.213819  12.2649
 RUN 2 GENERATION 0  -34.194475  30.804351  -4.12724  6.42412
 RUN 2 GENERATION 1  -10.350996  42.992939  -0.489367  10.011964
 RUN 2 GENERATION 2  -10.350996  42.992939  2.072059  9.414748
 RUN 2 GENERATION 3  -10.350996  42.992939  5.616862  9.671814
 RUN 2 GENERATION 4  -10.350996  42.992939  5.742331  9.881713
 RUN 2 GENERATION 5  -10.350996  42.992939  7.06666  10.603273
 RUN 2 GENERATION 6  -10.350996  42.992939  7.088104  10.484487
 RUN 2 GENERATION 7  -10.350996  42.992939  9.952725  10.231255
 RUN 2 GENERATION 8  -10.350996  42.992939  8.272906  11.229649
 RUN 2 GENERATION 9  -10.350996  42.992939  4.91895  10.520935
 RUN 2 GENERATION 10  -10.350996  42.992939  6.812545  11.613582
 RUN 2 GENERATION 11  -10.350996  42.992939  8.268983  10.181162
 RUN 2 GENERATION 12  -10.350996  42.992939  6.179312  10.621467
 RUN 2 GENERATION 13  -10.350996  42.992939  8.466897  9.681677
 RUN 2 GENERATION 14  -10.350996  42.992939  9.572087  8.84128
 RUN 2 GENERATION 15  -10.350996  42.992939  7.379866  9.756259
 RUN 2 GENERATION 16  -10.350996  42.992939  7.239875  9.567982
 RUN 2 GENERATION 17  -10.350996  42.992939  8.005634  10.413893
 RUN 2 GENERATION 18  -10.350996  42.992939  7.882041  10.510645
 RUN 2 GENERATION 19  -10.350996  42.992939  9.186036  10.067246
 RUN 2 GENERATION 20  -10.350996  42.992939  9.534387  9.451919
 RUN 2 GENERATION 21  -10.350996  42.992939  8.3476  9.386611
 RUN 2 GENERATION 22  -10.350996  42.992939  10.599384  9.104607
 RUN 2 GENERATION 23  -10.350996  42.992939  7.875966  10.718674
 RUN 2 GENERATION 24  -10.350996  42.992939  6.924484  11.054072
 RUN 2 GENERATION 25  -10.350996  42.992939  8.055707  10.801002
 RUN 2 GENERATION 26  -10.350996  42.992939  7.530969  10.719073
 RUN 2 GENERATION 27  -10.350996  42.992939  8.922734  10.121613
 RUN 2 GENERATION 28  -10.350996  42.992939  9.041734  10.390438
 RUN 2 GENERATION 29  -10.350996  42.992939  8.097545  9.381269
 RUN 2 GENERATION 30  -10.350996  42.992939  9.822309  9.965493
 RUN 2 GENERATION 31  -10.350996  42.992939  10.325904  10.240599
 RUN 2 GENERATION 32  -10.350996  42.992939  8.069853  10.763923
 RUN 2 GENERATION 33  -10.350996  42.992939  9.307889  11.090532
 RUN 2 GENERATION 34  -10.350996  42.992939  8.277253  11.4956
 RUN 2 GENERATION 35  -18.619288  58.791271  9.482517  13.120516
 RUN 2 GENERATION 36  -18.619288  58.791271  7.608375  12.21824
 RUN 2 GENERATION 37  -18.619288  58.791271  8.818436  12.334924
 RUN 2 GENERATION 38  -18.619288  58.791271  7.69244  12.185321
 RUN 2 GENERATION 39  -18.619288  58.791271  8.778188  12.308312
 RUN 2 GENERATION 40  -18.619288  58.791271  6.584894  13.036986
 RUN 2 GENERATION 41  -18.619288  58.791271  7.668433  12.176566
 RUN 2 GENERATION 42  -18.619288  58.791271  10.372596  12.378374
 RUN 2 GENERATION 43  -20.0  65.837296  8.656063  13.776376
 RUN 2 GENERATION 44  -20.0  65.837296  9.381723  13.48683
 RUN 2 GENERATION 45  -20.0  65.837296  9.184708  12.744351
 RUN 2 GENERATION 46  -20.0  65.837296  9.366102  11.657258
 RUN 2 GENERATION 47  -20.0  65.837296  7.939855  11.909611
 RUN 2 GENERATION 48  -20.0  65.837296  7.719087  11.245682
 RUN 2 GENERATION 49  -20.0  65.837296  7.666202  11.52161
 RUN 2 GENERATION 50  -20.0  65.837296  9.10671  11.249827
 RUN 2 GENERATION 51  -20.0  65.837296  8.439707  11.86834
 RUN 2 GENERATION 52  -20.0  65.837296  6.611441  11.107806
 RUN 2 GENERATION 53  -20.0  65.837296  9.487892  11.655652
 RUN 2 GENERATION 54  -20.0  65.837296  8.399658  11.394529
 RUN 2 GENERATION 55  -20.0  65.837296  8.138341  11.546761
 RUN 2 GENERATION 56  -20.0  65.837296  7.166511  11.713483
 RUN 2 GENERATION 57  -20.0  65.837296  8.92064  12.020964
 RUN 2 GENERATION 58  -20.0  65.837296  5.925541  12.259171
 RUN 2 GENERATION 59  -20.0  65.837296  7.951784  11.166578
 RUN 3 GENERATION 0  -27.810486  25.690582  -3.417139  5.712481
 RUN 3 GENERATION 1  -18.397531  28.997284  -2.32289  7.613355
 RUN 3 GENERATION 2  -18.397531  28.997284  1.177073  8.610648
 RUN 3 GENERATION 3  -18.397531  28.997284  2.938282  9.325909
 RUN 3 GENERATION 4  -18.397531  28.997284  3.775488  9.749385
 RUN 3 GENERATION 5  2.692446  39.854398  2.63358  10.704386
 RUN 3 GENERATION 6  2.692446  39.854398  4.473607  9.517185
 RUN 3 GENERATION 7  2.692446  39.854398  4.271659  10.780397
 RUN 3 GENERATION 8  2.692446  39.854398  4.103431  10.248778
 RUN 3 GENERATION 9  2.692446  39.854398  5.717454  10.41609
 RUN 3 GENERATION 10  2.692446  39.854398  6.161948  10.045741
 RUN 3 GENERATION 11  2.692446  39.854398  5.417646  9.772852
 RUN 3 GENERATION 12  2.692446  39.854398  5.255887  10.309311
 RUN 3 GENERATION 13  2.692446  39.854398  7.525123  10.877794
 RUN 3 GENERATION 14  2.692446  39.854398  8.311968  10.102228
 RUN 3 GENERATION 15  2.692446  39.854398  8.620375  9.646257
 RUN 3 GENERATION 16  2.692446  39.854398  6.001318  10.558005
 RUN 3 GENERATION 17  2.692446  39.854398  8.354262  9.833051
 RUN 3 GENERATION 18  2.692446  39.854398  7.510532  9.870383
 RUN 3 GENERATION 19  2.692446  39.854398  6.876035  10.475633
 RUN 3 GENERATION 20  2.692446  39.854398  5.348576  11.325114
 RUN 3 GENERATION 21  2.692446  39.854398  8.608877  8.975206
 RUN 3 GENERATION 22  2.692446  39.854398  8.046841  10.23749
 RUN 3 GENERATION 23  2.692446  39.854398  7.762788  11.149978
 RUN 3 GENERATION 24  2.692446  39.854398  6.629048  11.161348
 RUN 3 GENERATION 25  2.692446  39.854398  7.495694  10.695255
 RUN 3 GENERATION 26  2.692446  39.854398  10.506237  9.292404
 RUN 3 GENERATION 27  2.692446  39.854398  7.227918  10.448009
 RUN 3 GENERATION 28  2.692446  39.854398  7.783432  10.200308
 RUN 3 GENERATION 29  2.692446  39.854398  8.06444  9.688519
 RUN 3 GENERATION 30  2.692446  39.854398  7.345807  11.233251
 RUN 3 GENERATION 31  2.692446  39.854398  5.563415  10.132658
 RUN 3 GENERATION 32  2.692446  39.854398  6.74515  9.828056
 RUN 3 GENERATION 33  2.692446  39.854398  5.847445  9.705521
 RUN 3 GENERATION 34  2.692446  39.854398  7.937447  9.111537
 RUN 3 GENERATION 35  2.692446  39.854398  8.386304  10.560512
 RUN 3 GENERATION 36  2.692446  39.854398  8.431267  9.560103
 RUN 3 GENERATION 37  2.692446  39.854398  5.922049  10.25233
 RUN 3 GENERATION 38  2.692446  39.854398  6.345686  10.442776
 RUN 3 GENERATION 39  2.692446  39.854398  8.297847  10.266579
 RUN 3 GENERATION 40  2.692446  39.854398  8.658856  9.173136
 RUN 3 GENERATION 41  2.692446  39.854398  8.562848  8.881995
 RUN 3 GENERATION 42  2.692446  39.854398  7.82191  9.785099
 RUN 3 GENERATION 43  2.692446  39.854398  8.663264  9.908719
 RUN 3 GENERATION 44  2.692446  39.854398  8.8217  9.301272
 RUN 3 GENERATION 45  2.692446  39.854398  7.549112  9.703771
 RUN 3 GENERATION 46  -11.952621  64.742614  9.629549  10.776691
 RUN 3 GENERATION 47  -11.952621  64.742614  7.388307  11.492001
 RUN 3 GENERATION 48  -11.952621  64.742614  9.731239  10.189547
 RUN 3 GENERATION 49  -11.952621  64.742614  7.808494  10.618933
 RUN 3 GENERATION 50  -11.952621  64.742614  8.895706  10.718956
 RUN 3 GENERATION 51  -11.952621  64.742614  9.465284  10.052597
 RUN 3 GENERATION 52  -11.952621  64.742614  8.551738  10.303598
 RUN 3 GENERATION 53  -11.952621  64.742614  11.068306  10.344061
 RUN 3 GENERATION 54  -11.952621  64.742614  7.982564  11.742891
 RUN 3 GENERATION 55  -11.952621  64.742614  8.690135  11.195406
 RUN 3 GENERATION 56  -11.952621  64.742614  8.363845  11.14553
 RUN 3 GENERATION 57  -11.952621  64.742614  9.610605  10.305109
 RUN 3 GENERATION 58  -11.952621  64.742614  10.698812  10.811111
 RUN 3 GENERATION 59  -11.952621  64.742614  10.998407  11.295641
 RUN 4 GENERATION 0  -36.336602  21.303171  -4.282442  4.886652
 RUN 4 GENERATION 1  -35.857864  26.931056  -2.102252  7.565396
 RUN 4 GENERATION 2  -35.857864  26.931056  0.319478  8.414672
 RUN 4 GENERATION 3  -35.857864  26.931056  1.499172  8.613911
 RUN 4 GENERATION 4  -35.857864  26.931056  2.808555  9.531975
 RUN 4 GENERATION 5  -35.857864  26.931056  4.062737  8.582395
 RUN 4 GENERATION 6  -35.857864  26.931056  2.873858  9.129649
 RUN 4 GENERATION 7  -11.722284  29.210001  3.401819  10.301174
 RUN 4 GENERATION 8  -11.722284  29.210001  9.03392  9.140364
 RUN 4 GENERATION 9  -11.722284  29.210001  6.998055  10.658461
 RUN 4 GENERATION 10  8.410267  41.18534  6.607942  10.981122
 RUN 4 GENERATION 11  8.410267  41.18534  6.84735  11.268093
 RUN 4 GENERATION 12  8.410267  41.18534  7.631279  10.510907
 RUN 4 GENERATION 13  8.410267  41.18534  7.373027  10.554384
 RUN 4 GENERATION 14  8.410267  41.18534  7.759846  8.957852
 RUN 4 GENERATION 15  8.410267  41.18534  7.742578  11.229208
 RUN 4 GENERATION 16  8.410267  41.18534  9.414464  10.114693
 RUN 4 GENERATION 17  8.410267  41.18534  9.711267  9.895605
 RUN 4 GENERATION 18  8.410267  41.18534  8.707787  10.124402
 RUN 4 GENERATION 19  8.410267  41.18534  9.149883  10.088446
 RUN 4 GENERATION 20  8.410267  41.18534  10.687219  9.351964
 RUN 4 GENERATION 21  8.410267  41.18534  7.753113  10.490243
 RUN 4 GENERATION 22  8.410267  41.18534  8.050078  10.222044
 RUN 4 GENERATION 23  8.410267  41.18534  9.723425  9.364225
 RUN 4 GENERATION 24  8.410267  41.18534  8.601848  10.440353
 RUN 4 GENERATION 25  8.410267  41.18534  7.014399  10.718306
 RUN 4 GENERATION 26  8.410267  41.18534  8.334152  10.8274
 RUN 4 GENERATION 27  8.410267  41.18534  8.774214  11.123212
 RUN 4 GENERATION 28  8.410267  41.18534  7.084874  11.637675
 RUN 4 GENERATION 29  8.410267  41.18534  7.606973  10.262968
 RUN 4 GENERATION 30  8.410267  41.18534  9.235802  10.460333
 RUN 4 GENERATION 31  8.410267  41.18534  7.618536  10.500947
 RUN 4 GENERATION 32  8.410267  41.18534  7.480965  10.058869
 RUN 4 GENERATION 33  8.410267  41.18534  7.291641  10.56391
 RUN 4 GENERATION 34  8.410267  41.18534  6.980379  10.782922
 RUN 4 GENERATION 35  8.410267  41.18534  5.708309  10.852535
 RUN 4 GENERATION 36  8.410267  41.18534  6.807417  10.599327
 RUN 4 GENERATION 37  8.410267  41.18534  7.451719  10.747167
 RUN 4 GENERATION 38  -13.670068  42.463178  7.77059  11.462529
 RUN 4 GENERATION 39  -13.670068  42.463178  6.789771  11.01875
 RUN 4 GENERATION 40  -13.670068  42.463178  7.924993  10.913257
 RUN 4 GENERATION 41  -13.670068  42.463178  7.657669  10.177896
 RUN 4 GENERATION 42  -13.670068  42.463178  8.429624  11.05417
 RUN 4 GENERATION 43  -13.670068  42.463178  9.011216  10.373558
 RUN 4 GENERATION 44  -13.670068  42.463178  8.195131  10.669631
 RUN 4 GENERATION 45  -13.670068  42.463178  8.185961  10.374862
 RUN 4 GENERATION 46  -13.670068  42.463178  7.810653  10.449436
 RUN 4 GENERATION 47  -13.670068  42.463178  6.222618  11.660309
 RUN 4 GENERATION 48  -13.670068  42.463178  8.151911  10.233109
 RUN 4 GENERATION 49  -13.670068  42.463178  9.170321  9.468027
 RUN 4 GENERATION 50  -13.670068  42.463178  7.378546  10.656482
 RUN 4 GENERATION 51  -13.670068  42.463178  8.453623  10.178701
 RUN 4 GENERATION 52  -13.670068  42.463178  7.73201  10.615717
 RUN 4 GENERATION 53  -13.670068  42.463178  6.400684  11.458737
 RUN 4 GENERATION 54  -13.670068  42.463178  7.686468  10.234212
 RUN 4 GENERATION 55  -13.670068  42.463178  8.45782  10.666189
 RUN 4 GENERATION 56  -13.670068  42.463178  7.595723  10.102936
 RUN 4 GENERATION 57  -13.670068  42.463178  10.023209  9.584214
 RUN 4 GENERATION 58  -13.670068  42.463178  9.016278  9.376075
 RUN 4 GENERATION 59  -13.670068  42.463178  6.546932  11.793439
 RUN 5 GENERATION 0  -38.388951  5.479737  -4.728259  3.611018
 RUN 5 GENERATION 1  -33.670068  24.961029  -2.699492  6.752779
 RUN 5 GENERATION 2  -33.670068  24.961029  -0.993391  7.197204
 RUN 5 GENERATION 3  -27.810486  25.567572  0.071624  7.873411
 RUN 5 GENERATION 4  -11.722284  28.942578  0.768904  7.449231
 RUN 5 GENERATION 5  -11.722284  28.942578  0.892328  7.348797
 RUN 5 GENERATION 6  -11.722284  28.942578  1.88366  7.877647
 RUN 5 GENERATION 7  -11.722284  28.942578  2.57782  7.944124
 RUN 5 GENERATION 8  -11.722284  28.942578  3.098384  8.423937
 RUN 5 GENERATION 9  -1.715729  31.885722  3.963327  8.039677
 RUN 5 GENERATION 10  -1.715729  31.885722  6.310001  8.886973
 RUN 5 GENERATION 11  -1.715729  31.885722  5.568557  8.968175
 RUN 5 GENERATION 12  -30.861142  34.214107  6.780045  9.823051
 RUN 5 GENERATION 13  -14.194475  48.997356  6.790245  10.632777
 RUN 5 GENERATION 14  -14.194475  48.997356  7.455901  10.849566
 RUN 5 GENERATION 15  -14.194475  48.997356  6.901879  10.475108
 RUN 5 GENERATION 16  -14.194475  48.997356  8.408077  10.673095
 RUN 5 GENERATION 17  -14.194475  48.997356  7.40551  10.419723
 RUN 5 GENERATION 18  -14.194475  48.997356  7.799399  11.04646
 RUN 5 GENERATION 19  -14.194475  48.997356  7.643293  12.076781
 RUN 5 GENERATION 20  -14.194475  48.997356  7.794901  10.764454
 RUN 5 GENERATION 21  -14.194475  48.997356  7.119715  10.646299
 RUN 5 GENERATION 22  -14.194475  48.997356  7.776132  9.822462
 RUN 5 GENERATION 23  -14.194475  48.997356  9.029412  9.680587
 RUN 5 GENERATION 24  -14.194475  48.997356  8.542106  10.486667
 RUN 5 GENERATION 25  -14.194475  48.997356  8.154612  11.886927
 RUN 5 GENERATION 26  -14.194475  48.997356  8.892449  11.396868
 RUN 5 GENERATION 27  -14.194475  48.997356  7.938274  11.392114
 RUN 5 GENERATION 28  -14.194475  48.997356  9.770445  10.213972
 RUN 5 GENERATION 29  -14.194475  48.997356  9.653391  11.556614
 RUN 5 GENERATION 30  -14.194475  48.997356  9.322078  9.309817
 RUN 5 GENERATION 31  -14.194475  48.997356  9.003804  9.985446
 RUN 5 GENERATION 32  -14.194475  48.997356  7.635204  11.598025
 RUN 5 GENERATION 33  -14.194475  48.997356  9.08871  10.292072
 RUN 5 GENERATION 34  -14.194475  48.997356  9.404788  11.143723
 RUN 5 GENERATION 35  -14.194475  48.997356  7.040338  10.794917
 RUN 5 GENERATION 36  -14.194475  48.997356  7.604948  11.66716
 RUN 5 GENERATION 37  -14.194475  48.997356  9.395961  9.54666
 RUN 5 GENERATION 38  -14.194475  48.997356  9.068809  10.652502
 RUN 5 GENERATION 39  -14.194475  48.997356  8.404155  10.795111
 RUN 5 GENERATION 40  -14.194475  48.997356  6.681262  11.706354
 RUN 5 GENERATION 41  -14.194475  48.997356  9.076089  11.028089
 RUN 5 GENERATION 42  -14.194475  48.997356  8.089543  12.110534
 RUN 5 GENERATION 43  -14.194475  48.997356  8.862591  11.234743
 RUN 5 GENERATION 44  -8.619288  67.66133  8.504753  13.063746
 RUN 5 GENERATION 45  -8.619288  67.66133  8.968159  12.104826
 RUN 5 GENERATION 46  -8.619288  67.66133  8.54725  13.270051
 RUN 5 GENERATION 47  -8.619288  67.66133  8.946865  11.953329
 RUN 5 GENERATION 48  -8.619288  67.66133  9.128764  12.512581
 RUN 5 GENERATION 49  -8.619288  67.66133  9.373891  12.895191
 RUN 5 GENERATION 50  -8.619288  67.66133  8.964322  12.846663
 RUN 5 GENERATION 51  -8.619288  67.66133  9.770429  12.068392
 RUN 5 GENERATION 52  -8.619288  67.66133  6.50425  13.259519
 RUN 5 GENERATION 53  -8.619288  67.66133  9.694039  12.277948
 RUN 5 GENERATION 54  -8.619288  67.66133  13.126972  11.128882
 RUN 5 GENERATION 55  -8.619288  67.66133  11.031475  14.051559
 RUN 5 GENERATION 56  -8.619288  67.66133  10.206504  14.082214
 RUN 5 GENERATION 57  -8.619288  67.66133  8.873872  14.043295
 RUN 5 GENERATION 58  -8.619288  67.66133  10.405864  13.577554
 RUN 5 GENERATION 59  -8.619288  67.66133  11.881392  13.526109
 RUN 6 GENERATION 0  -21.715729  14.270545  -5.092428  3.779878
 RUN 6 GENERATION 1  -21.715729  14.270545  -2.908753  6.187878
 RUN 6 GENERATION 2  -44.194475  22.274478  0.752217  8.000192
 RUN 6 GENERATION 3  -40.861142  25.733443  2.856214  8.823094
 RUN 6 GENERATION 4  -23.670068  33.678181  3.071189  10.463254
 RUN 6 GENERATION 5  -23.670068  33.678181  4.471229  10.331738
 RUN 6 GENERATION 6  -25.857864  35.650742  4.480314  10.695757
 RUN 6 GENERATION 7  -2.274569  37.893553  5.538672  10.622439
 RUN 6 GENERATION 8  -2.274569  37.893553  7.080801  10.414144
 RUN 6 GENERATION 9  -31.835034  40.859353  6.935868  11.290701
 RUN 6 GENERATION 10  -31.835034  40.859353  6.249197  10.859862
 RUN 6 GENERATION 11  -31.835034  40.859353  5.355196  11.270496
 RUN 6 GENERATION 12  -31.835034  40.859353  7.047323  10.938609
 RUN 6 GENERATION 13  -7.582175  41.703815  7.831493  11.026329
 RUN 6 GENERATION 14  -7.582175  41.703815  7.492187  10.459641
 RUN 6 GENERATION 15  -7.582175  41.703815  9.309651  10.094728
 RUN 6 GENERATION 16  -7.582175  41.703815  9.226182  10.55398
 RUN 6 GENERATION 17  -7.582175  41.703815  7.309078  10.008643
 RUN 6 GENERATION 18  -7.582175  41.703815  8.109596  10.042908
 RUN 6 GENERATION 19  -7.582175  41.703815  5.825465  10.416967
 RUN 6 GENERATION 20  -7.582175  41.703815  8.867934  9.940388
 RUN 6 GENERATION 21  -7.582175  41.703815  8.636416  10.312699
 RUN 6 GENERATION 22  -7.582175  41.703815  5.739848  9.997955
 RUN 6 GENERATION 23  -7.582175  41.703815  6.810606  9.646777
 RUN 6 GENERATION 24  -7.582175  41.703815  10.175545  9.015087
 RUN 6 GENERATION 25  -7.582175  41.703815  7.675775  10.14224
 RUN 6 GENERATION 26  -7.582175  41.703815  9.158223  9.598208
 RUN 6 GENERATION 27  -7.582175  41.703815  9.140957  9.395094
 RUN 6 GENERATION 28  -7.582175  41.703815  8.179876  10.222671
 RUN 6 GENERATION 29  -7.582175  41.703815  9.261392  9.089409
 RUN 6 GENERATION 30  -7.582175  41.703815  7.317476  10.692565
 RUN 6 GENERATION 31  -7.582175  41.703815  7.638958  10.201462
 RUN 6 GENERATION 32  -7.582175  41.703815  7.045141  9.843459
 RUN 6 GENERATION 33  -7.582175  41.703815  7.781467  10.089809
 RUN 6 GENERATION 34  -7.582175  41.703815  7.879927  10.171138
 RUN 6 GENERATION 35  -7.582175  41.703815  9.557613  9.586799
 RUN 6 GENERATION 36  -7.582175  41.703815  7.138658  10.260829
 RUN 6 GENERATION 37  -7.582175  41.703815  6.719809  10.46169
 RUN 6 GENERATION 38  -7.582175  41.703815  7.678896  10.994169
 RUN 6 GENERATION 39  -7.582175  41.703815  8.722444  10.224727
 RUN 6 GENERATION 40  -7.582175  41.703815  7.078121  10.82557
 RUN 6 GENERATION 41  -7.582175  41.703815  8.488466  10.209613
 RUN 6 GENERATION 42  -7.582175  41.703815  6.793644  9.925368
 RUN 6 GENERATION 43  -7.582175  41.703815  9.137274  9.132353
 RUN 6 GENERATION 44  -7.582175  41.703815  8.333689  10.729326
 RUN 6 GENERATION 45  -7.582175  41.703815  6.835677  10.291542
 RUN 6 GENERATION 46  -7.582175  41.703815  6.792307  10.205738
 RUN 6 GENERATION 47  -7.582175  41.703815  8.399245  9.556804
 RUN 6 GENERATION 48  -7.582175  41.703815  8.442786  9.488678
 RUN 6 GENERATION 49  -7.582175  41.703815  10.528071  8.96008
 RUN 6 GENERATION 50  -7.582175  41.703815  7.131104  10.281993
 RUN 6 GENERATION 51  -7.582175  41.703815  8.420572  9.907785
 RUN 6 GENERATION 52  -7.582175  41.703815  9.648778  9.341101
 RUN 6 GENERATION 53  -7.582175  41.703815  9.234475  9.536935
 RUN 6 GENERATION 54  -7.582175  41.703815  5.26381  9.932379
 RUN 6 GENERATION 55  -7.582175  41.703815  8.189438  9.401597
 RUN 6 GENERATION 56  -7.582175  41.703815  6.532699  9.856813
 RUN 6 GENERATION 57  -7.582175  41.703815  7.11064  11.203066
 RUN 6 GENERATION 58  -7.582175  41.703815  8.127254  10.53225
 RUN 6 GENERATION 59  -7.582175  41.703815  8.238526  10.24008
 RUN 7 GENERATION 0  -10.201388  25.546366  -4.386694  5.447879
 RUN 7 GENERATION 1  -10.201388  25.546366  -3.971394  6.505368
 RUN 7 GENERATION 2  -18.397531  29.034653  -2.09207  7.847698
 RUN 7 GENERATION 3  -4.012577  31.00984  1.89875  9.10442
 RUN 7 GENERATION 4  -4.012577  31.00984  1.805938  8.655393
 RUN 7 GENERATION 5  -4.012577  31.00984  3.716253  9.384431
 RUN 7 GENERATION 6  -4.012577  31.00984  3.786517  9.831678
 RUN 7 GENERATION 7  -1.195925  31.150153  5.245103  10.544775
 RUN 7 GENERATION 8  -1.195925  31.150153  3.969114  8.90286
 RUN 7 GENERATION 9  -4.179951  37.850613  5.243232  10.464543
 RUN 7 GENERATION 10  -4.179951  37.850613  4.806521  10.298054
 RUN 7 GENERATION 11  -4.179951  37.850613  5.800755  10.972238
 RUN 7 GENERATION 12  -4.802252  51.386818  8.724374  9.955797
 RUN 7 GENERATION 13  -4.802252  51.386818  6.787799  12.404514
 RUN 7 GENERATION 14  -4.802252  51.386818  6.600045  11.673893
 RUN 7 GENERATION 15  -4.802252  51.386818  8.626943  11.131933
 RUN 7 GENERATION 16  -4.802252  51.386818  8.417471  12.007125
 RUN 7 GENERATION 17  -4.802252  51.386818  9.367104  10.636892
 RUN 7 GENERATION 18  -4.802252  51.386818  10.229114  11.714516
 RUN 7 GENERATION 19  -4.802252  51.386818  6.388323  12.105055
 RUN 7 GENERATION 20  -4.802252  51.386818  8.037259  11.874349
 RUN 7 GENERATION 21  -4.802252  51.386818  6.113623  11.184575
 RUN 7 GENERATION 22  -4.802252  51.386818  8.766597  11.498762
 RUN 7 GENERATION 23  -4.802252  51.386818  5.647443  12.461399
 RUN 7 GENERATION 24  -4.802252  51.386818  6.570244  12.321858
 RUN 7 GENERATION 25  -4.802252  51.386818  8.467719  10.708468
 RUN 7 GENERATION 26  -4.802252  51.386818  9.465858  10.387766
 RUN 7 GENERATION 27  -4.802252  51.386818  6.600655  10.887418
 RUN 7 GENERATION 28  -4.802252  51.386818  7.826802  10.397836
 RUN 7 GENERATION 29  -4.802252  51.386818  8.381218  10.678435
 RUN 7 GENERATION 30  -4.802252  51.386818  5.844356  10.819578
 RUN 7 GENERATION 31  -4.802252  51.386818  4.503933  11.181054
 RUN 7 GENERATION 32  -4.802252  51.386818  6.852502  10.410144
 RUN 7 GENERATION 33  -4.802252  51.386818  7.328816  10.348303
 RUN 7 GENERATION 34  -4.802252  51.386818  8.966606  10.808138
 RUN 7 GENERATION 35  -4.802252  51.386818  6.450633  10.481659
 RUN 7 GENERATION 36  -4.802252  51.386818  10.208279  8.854129
 RUN 7 GENERATION 37  -4.802252  51.386818  7.316739  10.584749
 RUN 7 GENERATION 38  -4.802252  51.386818  8.284514  9.803137
 RUN 7 GENERATION 39  -4.802252  51.386818  9.519024  9.544057
 RUN 7 GENERATION 40  -4.802252  51.386818  7.930551  10.491593
 RUN 7 GENERATION 41  -7.232042  57.469138  9.251225  10.893479
 RUN 7 GENERATION 42  -7.232042  57.469138  7.989032  10.797754
 RUN 7 GENERATION 43  -7.232042  57.469138  8.208212  10.685275
 RUN 7 GENERATION 44  -7.232042  57.469138  8.042519  10.593529
 RUN 7 GENERATION 45  -7.232042  57.469138  8.457521  10.925769
 RUN 7 GENERATION 46  -7.232042  57.469138  5.994775  12.845775
 RUN 7 GENERATION 47  -7.232042  57.469138  7.051167  11.5989
 RUN 7 GENERATION 48  -7.232042  57.469138  7.873665  10.561668
 RUN 7 GENERATION 49  -7.232042  57.469138  7.679223  10.388611
 RUN 7 GENERATION 50  -7.232042  57.469138  8.200295  11.40187
 RUN 7 GENERATION 51  -7.232042  57.469138  7.022008  11.259363
 RUN 7 GENERATION 52  -7.232042  57.469138  10.714938  10.156467
 RUN 7 GENERATION 53  -7.232042  57.469138  6.379532  11.39658
 RUN 7 GENERATION 54  -7.232042  57.469138  8.350132  11.142988
 RUN 7 GENERATION 55  -7.232042  57.469138  8.446375  11.561383
 RUN 7 GENERATION 56  -7.232042  57.469138  9.135141  9.610658
 RUN 7 GENERATION 57  -7.232042  57.469138  8.452409  10.797688
 RUN 7 GENERATION 58  -7.232042  57.469138  8.882934  11.324104
 RUN 7 GENERATION 59  -7.232042  57.469138  7.937777  11.832174
 RUN 8 GENERATION 0  -38.388951  5.479737  -5.535215  3.079466
 RUN 8 GENERATION 1  -35.857864  27.047805  -3.950231  5.82521
 RUN 8 GENERATION 2  -35.857864  27.047805  -2.177534  6.521777
 RUN 8 GENERATION 3  -35.857864  27.047805  1.159477  7.968155
 RUN 8 GENERATION 4  -18.397531  29.233182  0.853544  9.283913
 RUN 8 GENERATION 5  -4.677007  37.933187  3.557294  8.955163
 RUN 8 GENERATION 6  -4.677007  37.933187  4.044177  8.695708
 RUN 8 GENERATION 7  -4.677007  37.933187  4.546794  9.308557
 RUN 8 GENERATION 8  -4.677007  37.933187  4.483941  9.347213
 RUN 8 GENERATION 9  -4.677007  37.933187  6.401739  8.949461
 RUN 8 GENERATION 10  -4.677007  37.933187  7.174921  8.05091
 RUN 8 GENERATION 11  -4.677007  37.933187  7.515294  9.239904
 RUN 8 GENERATION 12  -4.677007  37.933187  7.422057  8.752993
 RUN 8 GENERATION 13  -4.677007  37.933187  8.391187  9.211038
 RUN 8 GENERATION 14  -4.677007  37.933187  7.750392  9.329155
 RUN 8 GENERATION 15  -4.677007  37.933187  6.009048  9.768905
 RUN 8 GENERATION 16  -3.102996  37.989323  8.33157  10.842083
 RUN 8 GENERATION 17  -3.102996  37.989323  7.949053  10.334842
 RUN 8 GENERATION 18  -3.102996  37.989323  10.38168  8.82599
 RUN 8 GENERATION 19  -3.102996  37.989323  8.446986  10.073252
 RUN 8 GENERATION 20  -3.102996  37.989323  8.566242  9.682178
 RUN 8 GENERATION 21  -3.102996  37.989323  6.309052  10.288779
 RUN 8 GENERATION 22  -20.861142  43.144453  7.182615  11.273582
 RUN 8 GENERATION 23  -20.861142  43.144453  8.452628  11.375429
 RUN 8 GENERATION 24  -20.861142  43.144453  6.413974  11.904335
 RUN 8 GENERATION 25  -20.861142  43.144453  7.383468  10.665015
 RUN 8 GENERATION 26  -20.861142  43.144453  8.320861  11.271922
 RUN 8 GENERATION 27  -20.861142  43.144453  9.341461  11.331295
 RUN 8 GENERATION 28  -20.861142  43.144453  9.164684  11.947743
 RUN 8 GENERATION 29  -20.861142  43.144453  8.698608  13.142105
 RUN 8 GENERATION 30  -20.861142  43.144453  6.651704  12.420193
 RUN 8 GENERATION 31  -20.861142  43.144453  7.963422  13.078653
 RUN 8 GENERATION 32  -3.668942  44.657834  6.827187  11.924689
 RUN 8 GENERATION 33  -3.668942  44.657834  8.114137  11.693597
 RUN 8 GENERATION 34  -3.668942  44.657834  7.533727  11.164453
 RUN 8 GENERATION 35  -3.668942  44.657834  9.579644  11.694697
 RUN 8 GENERATION 36  -3.668942  44.657834  8.4927  11.562882
 RUN 8 GENERATION 37  -3.668942  44.657834  8.642948  13.91521
 RUN 8 GENERATION 38  -3.668942  44.657834  7.923759  12.177805
 RUN 8 GENERATION 39  -3.668942  44.657834  8.574027  11.404902
 RUN 8 GENERATION 40  -3.668942  44.657834  7.382314  12.459245
 RUN 8 GENERATION 41  -10.861142  52.163957  9.153803  12.460376
 RUN 8 GENERATION 42  -10.861142  52.163957  9.734101  13.384199
 RUN 8 GENERATION 43  -10.861142  52.163957  7.75532  12.745288
 RUN 8 GENERATION 44  -10.861142  52.163957  8.1465  12.51412
 RUN 8 GENERATION 45  -10.861142  52.163957  7.181494  12.407654
 RUN 8 GENERATION 46  -13.905243  54.575891  9.538545  12.914907
 RUN 8 GENERATION 47  -13.905243  54.575891  9.706674  12.143497
 RUN 8 GENERATION 48  -13.905243  54.575891  11.054228  12.125173
 RUN 8 GENERATION 49  -13.905243  54.575891  8.304158  13.228535
 RUN 8 GENERATION 50  -13.905243  54.575891  8.627981  12.420153
 RUN 8 GENERATION 51  -13.905243  54.575891  9.397973  11.470128
 RUN 8 GENERATION 52  -13.905243  54.575891  8.052669  11.499929
 RUN 8 GENERATION 53  -13.905243  54.575891  8.783412  10.986789
 RUN 8 GENERATION 54  -13.905243  54.575891  9.152802  11.63114
 RUN 8 GENERATION 55  -13.905243  54.575891  6.138356  12.098947
 RUN 8 GENERATION 56  -13.905243  54.575891  9.790403  12.039683
 RUN 8 GENERATION 57  -13.905243  54.575891  8.736919  11.921345
 RUN 8 GENERATION 58  -13.905243  54.575891  10.28707  11.309216
 RUN 8 GENERATION 59  -13.905243  54.575891  9.667545  12.216647
 RUN 9 GENERATION 0  -51.952621  29.271006  -3.973299  6.558227
 RUN 9 GENERATION 1  -51.952621  29.271006  -1.410227  8.400423
 RUN 9 GENERATION 2  -23.670068  33.591241  0.453423  10.125931
 RUN 9 GENERATION 3  -23.670068  33.591241  0.584965  9.451651
 RUN 9 GENERATION 4  -23.670068  33.591241  2.44538  10.037657
 RUN 9 GENERATION 5  -23.670068  33.591241  1.786606  10.106979
 RUN 9 GENERATION 6  -2.967218  67.400493  5.099755  12.529497
 RUN 9 GENERATION 7  -2.967218  67.400493  5.598078  11.910987
 RUN 9 GENERATION 8  -2.967218  67.400493  6.40028  12.351889
 RUN 9 GENERATION 9  -2.967218  67.400493  7.880439  12.087526
 RUN 9 GENERATION 10  -2.967218  67.400493  6.507293  11.552299
 RUN 9 GENERATION 11  -2.967218  67.400493  7.617893  11.441636
 RUN 9 GENERATION 12  -2.967218  67.400493  8.017299  12.034623
 RUN 9 GENERATION 13  -2.967218  67.400493  8.344734  12.027553
 RUN 9 GENERATION 14  -2.967218  67.400493  8.294066  11.360577
 RUN 9 GENERATION 15  -2.967218  67.400493  7.388358  11.253026
 RUN 9 GENERATION 16  -2.967218  67.400493  9.177592  11.221575
 RUN 9 GENERATION 17  -2.967218  67.400493  8.516312  11.843821
 RUN 9 GENERATION 18  -2.967218  67.400493  5.657838  11.663948
 RUN 9 GENERATION 19  -2.967218  67.400493  9.291682  10.241282
 RUN 9 GENERATION 20  -2.967218  67.400493  7.662198  10.844296
 RUN 9 GENERATION 21  -2.967218  67.400493  7.875107  11.303031
 RUN 9 GENERATION 22  -2.967218  67.400493  7.629243  11.084708
 RUN 9 GENERATION 23  -2.967218  67.400493  7.182266  11.347726
 RUN 9 GENERATION 24  -2.967218  67.400493  9.597195  11.878942
 RUN 9 GENERATION 25  -2.967218  67.400493  9.218095  11.462141
 RUN 9 GENERATION 26  -2.967218  67.400493  7.479869  11.211644
 RUN 9 GENERATION 27  -2.967218  67.400493  9.142533  11.831131
 RUN 9 GENERATION 28  -2.967218  67.400493  8.572805  12.077356
 RUN 9 GENERATION 29  -2.967218  67.400493  8.453539  13.510621
 RUN 9 GENERATION 30  -2.967218  67.400493  7.121659  12.221365
 RUN 9 GENERATION 31  -2.967218  67.400493  7.820124  12.916952
 RUN 9 GENERATION 32  -2.967218  67.400493  8.073735  11.934531
 RUN 9 GENERATION 33  -2.967218  67.400493  7.856223  12.187953
 RUN 9 GENERATION 34  -2.967218  67.400493  6.962387  11.793343
 RUN 9 GENERATION 35  -2.967218  67.400493  7.974254  12.167843
 RUN 9 GENERATION 36  -2.967218  67.400493  8.99265  11.60729
 RUN 9 GENERATION 37  -2.967218  67.400493  8.181095  12.618122
 RUN 9 GENERATION 38  -2.967218  67.400493  8.588234  11.473492
 RUN 9 GENERATION 39  -2.967218  67.400493  10.099395  11.549577
 RUN 9 GENERATION 40  -2.967218  67.400493  7.883906  12.374775
 RUN 9 GENERATION 41  -2.967218  67.400493  10.39498  13.442232
 RUN 9 GENERATION 42  -2.967218  67.400493  8.632796  12.781313
 RUN 9 GENERATION 43  -2.967218  67.400493  7.770596  13.115127
 RUN 9 GENERATION 44  -2.967218  67.400493  7.164629  13.544195
 RUN 9 GENERATION 45  -2.967218  67.400493  8.851264  13.565845
 RUN 9 GENERATION 46  -2.967218  67.400493  6.506558  12.833837
 RUN 9 GENERATION 47  -2.967218  67.400493  9.086651  13.577388
 RUN 9 GENERATION 48  -2.967218  67.400493  7.707827  13.261652
 RUN 9 GENERATION 49  -2.967218  67.400493  8.376556  13.987897
 RUN 9 GENERATION 50  -2.967218  67.400493  7.744672  13.703215
 RUN 9 GENERATION 51  -2.967218  67.400493  8.653029  13.843452
 RUN 9 GENERATION 52  -2.967218  67.400493  10.421967  12.572835
 RUN 9 GENERATION 53  -2.967218  67.400493  7.685242  13.749454
 RUN 9 GENERATION 54  -2.967218  67.400493  7.80259  11.440862
 RUN 9 GENERATION 55  -2.967218  67.400493  9.548032  10.810999
 RUN 9 GENERATION 56  -2.967218  67.400493  8.630805  12.064944
 RUN 9 GENERATION 57  -2.967218  67.400493  9.436405  12.202014
 RUN 9 GENERATION 58  -2.967218  67.400493  9.411713  11.479114
 RUN 9 GENERATION 59  -2.967218  67.400493  6.445262  12.492874
 RUN 0 GENERATION 0  -10.59809  31.777103  -4.547958  5.873075
 RUN 0 GENERATION 0  -36.336602  21.317461  -4.633147  4.532194
 RUN 0 GENERATION 1  -36.336602  21.435645  -0.427008  6.821356
 RUN 0 GENERATION 2  9.393431  27.040214  5.566132  7.039355
 RUN 0 GENERATION 3  -25.857864  35.569692  11.501787  6.386526
 RUN 0 GENERATION 4  -10.938041  37.590181  14.306821  6.152122
 RUN 0 GENERATION 5  -10.938041  37.590181  17.192509  4.897989
 RUN 0 GENERATION 6  -10.938041  37.590181  18.753444  5.524336
 RUN 0 GENERATION 7  -10.938041  37.590181  20.173612  5.442107
 RUN 0 GENERATION 8  -10.938041  37.590181  21.116192  5.397968
 RUN 0 GENERATION 9  -10.938041  37.590181  22.212281  5.201974
 RUN 0 GENERATION 10  -10.938041  37.590181  23.674789  4.655235
 RUN 0 GENERATION 11  -10.938041  37.590181  24.700246  3.967715
 RUN 0 GENERATION 12  -16.336602  39.075398  25.402812  4.036861
 RUN 0 GENERATION 13  -16.336602  39.075398  26.019908  3.770231
 RUN 0 GENERATION 14  -24.194475  40.149357  26.635007  3.791835
 RUN 0 GENERATION 15  -24.194475  40.149357  26.901955  3.587687
 RUN 0 GENERATION 16  -24.194475  40.149357  27.366077  3.619149
 RUN 0 GENERATION 17  -24.194475  40.149357  27.833043  3.598028
 RUN 0 GENERATION 18  -24.194475  40.149357  28.336315  3.519027
 RUN 0 GENERATION 19  -24.194475  40.149357  28.468816  3.427569
 RUN 0 GENERATION 20  -24.194475  40.149357  28.67268  3.410581
 RUN 0 GENERATION 21  -24.194475  40.149357  28.982042  3.292803
 RUN 0 GENERATION 22  -24.194475  40.149357  29.118288  3.227402
 RUN 0 GENERATION 23  -24.194475  40.149357  29.386879  3.221633
 RUN 0 GENERATION 24  -24.194475  40.149357  29.873541  3.283121
 RUN 0 GENERATION 25  -24.194475  40.149357  30.187891  3.331778
 RUN 0 GENERATION 26  -24.194475  40.149357  30.377739  3.314535
 RUN 0 GENERATION 27  -9.669935  45.043964  30.909768  3.563618
 RUN 0 GENERATION 28  -9.669935  45.043964  31.322728  3.661003
 RUN 0 GENERATION 29  -9.669935  45.043964  31.474934  3.59529
 RUN 0 GENERATION 0  -21.715729  14.061329  -5.334547  3.588247
 RUN 0 GENERATION 1  -14.841004  21.975348  -1.590952  6.183907
 RUN 0 GENERATION 2  -0.449025  33.045778  6.414286  6.533634
 RUN 0 GENERATION 3  -0.449025  33.045778  11.998665  5.394622
 RUN 0 GENERATION 4  -8.397531  38.006037  16.114014  4.445505
 RUN 0 GENERATION 5  -8.397531  38.006037  16.964132  5.002438
 RUN 0 GENERATION 6  -8.397531  38.006037  17.720991  5.159116
 RUN 0 GENERATION 7  -8.397531  38.006037  19.693278  5.870595
 RUN 0 GENERATION 8  -8.397531  38.006037  21.622333  6.056566
 RUN 0 GENERATION 9  0.787063  39.910391  23.787011  5.680607
 RUN 0 GENERATION 10  0.787063  39.910391  26.087271  5.118391
 RUN 0 GENERATION 11  0.787063  39.910391  27.725788  4.69241
 RUN 0 GENERATION 12  8.234227  48.237179  29.122847  4.88119
 RUN 0 GENERATION 13  8.234227  48.237179  30.16683  4.318672
 RUN 0 GENERATION 14  8.234227  48.237179  30.817505  3.880273
 RUN 0 GENERATION 15  8.234227  48.237179  31.90465  3.719538
 RUN 0 GENERATION 16  8.234227  48.237179  32.467042  3.479236
 RUN 0 GENERATION 17  8.234227  48.237179  33.318414  3.273858
 RUN 0 GENERATION 18  8.234227  48.237179  34.224449  3.123058
 RUN 0 GENERATION 19  8.234227  48.237179  34.434592  3.025946
 RUN 0 GENERATION 20  8.234227  48.237179  34.996575  2.98793
 RUN 0 GENERATION 21  8.234227  48.237179  35.404725  2.822235
 RUN 0 GENERATION 22  8.234227  48.237179  35.713118  2.712173
 RUN 0 GENERATION 23  8.234227  48.237179  36.135741  2.937691
 RUN 0 GENERATION 24  8.234227  48.237179  36.563591  2.908473
 RUN 0 GENERATION 25  8.234227  48.237179  36.801528  2.847794
 RUN 0 GENERATION 26  8.234227  48.237179  37.086584  2.975717
 RUN 0 GENERATION 27  8.234227  48.237179  37.262774  2.86599
 RUN 0 GENERATION 28  8.234227  48.237179  37.682021  2.829601
 RUN 0 GENERATION 29  8.234227  48.237179  37.913162  2.833094
 RUN 0 GENERATION 30  8.234227  48.237179  38.376333  2.696824
 RUN 0 GENERATION 31  8.234227  48.237179  38.574175  2.591018
 RUN 0 GENERATION 32  8.234227  48.237179  38.749661  2.526422
 RUN 0 GENERATION 33  8.234227  48.237179  38.805431  2.518229
 RUN 0 GENERATION 34  8.234227  48.237179  39.005342  2.454379
 RUN 0 GENERATION 35  8.234227  48.237179  39.285943  2.358838
 RUN 0 GENERATION 36  8.234227  48.237179  39.350174  2.327991
 RUN 0 GENERATION 37  8.234227  48.237179  39.54563  2.32336
 RUN 0 GENERATION 38  8.234227  48.237179  39.805385  2.548175
 RUN 0 GENERATION 39  8.234227  48.237179  39.986589  2.5166
 RUN 0 GENERATION 40  8.234227  48.237179  40.138208  2.587837
 RUN 0 GENERATION 41  8.234227  48.237179  40.228571  2.630931
 RUN 0 GENERATION 42  -8.613017  51.045854  40.527295  2.784452
 RUN 0 GENERATION 43  -8.613017  51.045854  40.684685  2.901412
 RUN 0 GENERATION 44  -8.613017  51.045854  40.856622  2.96304
 RUN 0 GENERATION 45  -8.613017  51.045854  41.092303  3.063668
 RUN 0 GENERATION 46  -8.613017  51.045854  41.361796  3.197161
 RUN 0 GENERATION 47  -8.613017  51.045854  41.536589  3.201354
 RUN 0 GENERATION 48  -8.613017  51.045854  41.692739  3.188941
 RUN 0 GENERATION 49  -8.613017  51.045854  41.692823  3.188846
 RUN 0 GENERATION 50  -8.613017  51.045854  41.751282  3.148878
 RUN 0 GENERATION 51  -8.613017  51.045854  42.128882  3.266347
 RUN 0 GENERATION 52  -8.613017  51.045854  42.377138  3.275595
 RUN 0 GENERATION 53  -8.613017  51.045854  42.483895  3.181286
 RUN 0 GENERATION 54  -8.613017  51.045854  42.511428  3.160013
 RUN 0 GENERATION 55  9.374786  55.627626  42.691119  3.392174
 RUN 0 GENERATION 56  9.374786  55.627626  42.888013  3.48076
 RUN 0 GENERATION 57  9.374786  55.627626  43.019722  3.48442
 RUN 0 GENERATION 58  9.374786  55.627626  43.104656  3.439516
 RUN 0 GENERATION 59  9.374786  55.627626  43.25627  3.427685
 RUN 1 GENERATION 0  -19.669935  35.872505  -3.930643  6.46413
 RUN 1 GENERATION 1  -19.669935  35.872505  1.356321  8.00979
 RUN 1 GENERATION 2  -19.669935  35.872505  10.085792  5.770839
 RUN 1 GENERATION 3  -41.952621  38.013334  15.516021  4.370281
 RUN 1 GENERATION 4  -41.952621  38.013334  15.965413  4.252627
 RUN 1 GENERATION 5  -3.185839  38.038554  17.702625  5.953939
 RUN 1 GENERATION 6  -31.835034  41.01805  19.520845  7.091283
 RUN 1 GENERATION 7  -31.835034  41.01805  21.229891  7.447264
 RUN 1 GENERATION 8  -31.835034  41.01805  21.960129  7.258168
 RUN 1 GENERATION 9  -31.835034  41.01805  23.431251  6.79015
 RUN 1 GENERATION 10  -10.861142  51.831395  26.479266  6.734326
 RUN 1 GENERATION 11  -10.861142  51.831395  27.96249  6.556929
 RUN 1 GENERATION 12  -10.861142  51.831395  29.659161  5.67171
 RUN 1 GENERATION 13  -10.861142  51.831395  30.426493  5.541636
 RUN 1 GENERATION 14  -10.861142  51.831395  31.537541  5.281377
 RUN 1 GENERATION 15  -10.861142  51.831395  32.196992  4.979894
 RUN 1 GENERATION 16  -4.395764  60.588136  33.06757  5.44148
 RUN 1 GENERATION 17  -4.395764  60.588136  33.668028  5.395478
 RUN 1 GENERATION 18  -4.395764  60.588136  34.265013  5.150821
 RUN 1 GENERATION 19  -4.395764  60.588136  35.204718  4.899216
 RUN 1 GENERATION 20  -4.395764  60.588136  35.490886  4.725097
 RUN 1 GENERATION 21  -4.395764  60.588136  35.717166  4.619012
 RUN 1 GENERATION 22  -4.395764  60.588136  36.290969  4.753742
 RUN 1 GENERATION 23  -4.395764  60.588136  36.954385  4.651645
 RUN 1 GENERATION 24  -4.395764  60.588136  37.125932  4.565563
 RUN 1 GENERATION 25  -4.457528  63.27641  37.630214  5.203022
 RUN 1 GENERATION 26  -4.457528  63.27641  37.999408  5.177555
 RUN 1 GENERATION 27  -4.457528  63.27641  38.015903  5.163964
 RUN 1 GENERATION 28  -4.457528  63.27641  38.261628  5.181502
 RUN 1 GENERATION 29  -4.457528  63.27641  38.592697  4.990923
 RUN 1 GENERATION 30  -4.457528  63.27641  38.831534  4.905519
 RUN 1 GENERATION 31  -4.457528  63.27641  39.125551  4.740348
 RUN 1 GENERATION 32  -3.464274  67.386208  39.708415  5.413527
 RUN 1 GENERATION 33  -3.464274  67.386208  40.1449  5.937731
 RUN 1 GENERATION 34  -3.464274  67.386208  40.303138  5.877619
 RUN 1 GENERATION 35  -3.464274  67.386208  40.349553  5.850027
 RUN 1 GENERATION 36  -3.464274  67.386208  40.607957  6.094585
 RUN 1 GENERATION 37  -3.464274  67.386208  41.34665  6.663967
 RUN 1 GENERATION 38  -3.464274  67.386208  41.525414  6.712777
 RUN 1 GENERATION 39  -3.464274  67.386208  41.685036  6.714678
 RUN 1 GENERATION 40  -3.464274  67.386208  41.864615  6.716218
 RUN 1 GENERATION 41  -3.464274  67.386208  42.219918  7.05811
 RUN 1 GENERATION 42  -3.464274  67.386208  42.222142  7.056748
 RUN 1 GENERATION 43  -3.464274  67.386208  42.222142  7.056748
 RUN 1 GENERATION 44  -3.464274  67.386208  42.424248  7.082769
 RUN 1 GENERATION 45  -3.464274  67.386208  42.652607  7.291815
 RUN 1 GENERATION 46  -3.464274  67.386208  42.714698  7.268696
 RUN 1 GENERATION 47  -3.464274  67.386208  43.021697  7.280665
 RUN 1 GENERATION 48  -3.464274  67.386208  43.040483  7.269944
 RUN 1 GENERATION 49  -3.464274  67.386208  43.461192  7.582131
 RUN 1 GENERATION 50  -3.464274  67.386208  43.46256  7.581146
 RUN 1 GENERATION 51  -3.464274  67.386208  43.517521  7.54967
 RUN 1 GENERATION 52  -3.464274  67.386208  43.592529  7.513436
 RUN 1 GENERATION 53  -3.464274  67.386208  43.919823  7.483971
 RUN 1 GENERATION 54  -3.464274  67.386208  44.08158  7.415211
 RUN 1 GENERATION 55  -3.464274  67.386208  44.082923  7.414121
 RUN 1 GENERATION 56  -3.464274  67.386208  44.626411  7.661943
 RUN 1 GENERATION 57  -3.464274  67.386208  44.847764  7.651517
 RUN 1 GENERATION 58  -3.464274  67.386208  44.941947  7.612684
 RUN 1 GENERATION 59  -3.464274  67.386208  45.188973  7.587986
 RUN 2 GENERATION 0  -26.336602  30.248594  -3.89807  6.42351
 RUN 2 GENERATION 1  -26.336602  30.269596  1.589146  8.000646
 RUN 2 GENERATION 2  -31.835034  41.632124  10.208611  6.972736
 RUN 2 GENERATION 3  -31.835034  41.632124  14.429147  5.99437
 RUN 2 GENERATION 4  -31.835034  41.632124  17.653483  5.501912
 RUN 2 GENERATION 5  -31.835034  41.632124  18.759983  5.578069
 RUN 2 GENERATION 6  -31.835034  41.632124  19.589036  5.51616
 RUN 2 GENERATION 7  -31.835034  41.632124  20.48709  5.458678
 RUN 2 GENERATION 8  -9.27404  42.87861  22.407941  5.417126
 RUN 2 GENERATION 9  -9.27404  42.87861  23.578449  4.931541
 RUN 2 GENERATION 10  -9.27404  42.87861  24.331331  4.468273
 RUN 2 GENERATION 11  -9.27404  42.87861  25.727846  4.510082
 RUN 2 GENERATION 12  -9.27404  42.87861  26.638376  4.405975
 RUN 2 GENERATION 13  -9.27404  42.87861  27.214152  4.343655
 RUN 2 GENERATION 14  -9.27404  42.87861  27.583969  4.277272
 RUN 2 GENERATION 15  -9.27404  42.87861  27.964765  4.139285
 RUN 2 GENERATION 16  -9.27404  42.87861  28.309325  4.023784
 RUN 2 GENERATION 17  -9.27404  42.87861  29.12695  4.168351
 RUN 2 GENERATION 18  -9.27404  42.87861  29.400235  4.110741
 RUN 2 GENERATION 19  -10.848052  42.973313  30.489829  4.512957
 RUN 2 GENERATION 20  -10.848052  42.973313  31.327217  4.391536
 RUN 2 GENERATION 21  -10.848052  42.973313  31.614249  4.254247
 RUN 2 GENERATION 22  -10.019625  42.992324  32.099845  4.266195
 RUN 2 GENERATION 23  -10.019625  42.992324  32.378701  4.18604
 RUN 2 GENERATION 24  -10.019625  42.992324  32.800459  4.084506
 RUN 2 GENERATION 25  -10.019625  42.992324  33.262358  4.024212
 RUN 2 GENERATION 26  -10.019625  42.992324  33.553924  3.968954
 RUN 2 GENERATION 27  -10.019625  42.992324  33.988838  3.878798
 RUN 2 GENERATION 28  -20.861142  43.113309  34.87795  3.691428
 RUN 2 GENERATION 29  -10.861142  52.010141  35.500612  3.905125
 RUN 2 GENERATION 30  -10.861142  52.010141  35.560591  3.836237
 RUN 2 GENERATION 31  -10.861142  52.010141  35.941452  3.663259
 RUN 2 GENERATION 32  -10.861142  52.010141  36.262428  3.493696
 RUN 2 GENERATION 33  -10.861142  52.010141  36.72775  3.429464
 RUN 2 GENERATION 34  -10.861142  52.010141  37.111601  3.170307
 RUN 2 GENERATION 35  -10.861142  52.010141  37.450152  2.967986
 RUN 2 GENERATION 36  -2.044759  53.93315  37.88134  3.190819
 RUN 2 GENERATION 37  -2.044759  53.93315  38.062363  3.133546
 RUN 2 GENERATION 38  -2.044759  53.93315  38.104696  3.104865
 RUN 2 GENERATION 39  -2.044759  53.93315  38.270667  2.981984
 RUN 2 GENERATION 40  -2.044759  53.93315  38.472112  2.816173
 RUN 2 GENERATION 41  -2.044759  53.93315  38.539688  2.763359
 RUN 2 GENERATION 42  -2.044759  53.93315  38.638965  2.70964
 RUN 2 GENERATION 43  -2.044759  53.93315  38.700066  2.660897
 RUN 2 GENERATION 44  -2.044759  53.93315  38.747037  2.620342
 RUN 2 GENERATION 45  -2.044759  53.93315  38.862769  2.57261
 RUN 2 GENERATION 46  -2.044759  53.93315  38.913831  2.555585
 RUN 2 GENERATION 47  -2.044759  53.93315  38.918512  2.553543
 RUN 2 GENERATION 48  -2.044759  53.93315  38.975972  2.587327
 RUN 2 GENERATION 49  -2.044759  53.93315  39.001201  2.584294
 RUN 2 GENERATION 50  -2.044759  53.93315  39.031223  2.587951
 RUN 2 GENERATION 51  -2.044759  53.93315  39.191944  2.771366
 RUN 2 GENERATION 52  -2.044759  53.93315  39.251155  2.765078
 RUN 2 GENERATION 53  -2.044759  53.93315  39.251155  2.765078
 RUN 2 GENERATION 54  -2.044759  53.93315  39.486649  3.064172
 RUN 2 GENERATION 55  -2.044759  53.93315  39.486942  3.064028
 RUN 2 GENERATION 56  -2.044759  53.93315  39.578393  3.149919
 RUN 2 GENERATION 57  -2.044759  53.93315  39.578393  3.149919
 RUN 2 GENERATION 58  -2.044759  53.93315  39.578651  3.14979
 RUN 2 GENERATION 59  -2.044759  53.93315  39.581244  3.148526
 RUN 3 GENERATION 0  -3.515521  31.103215  -4.881038  5.298053
 RUN 3 GENERATION 1  -3.515521  31.103215  -1.483806  6.880874
 RUN 3 GENERATION 2  -3.515521  31.103215  5.498761  6.86112
 RUN 3 GENERATION 3  -6.415015  31.158106  10.031703  6.329772
 RUN 3 GENERATION 4  -25.857864  35.536945  12.174408  6.955548
 RUN 3 GENERATION 5  -25.857864  35.536945  15.303868  7.087444
 RUN 3 GENERATION 6  -25.857864  35.536945  18.786898  6.920278
 RUN 3 GENERATION 7  -1.600783  46.923648  22.565089  7.321028
 RUN 3 GENERATION 8  -1.600783  46.923648  25.558305  6.513699
 RUN 3 GENERATION 9  -1.600783  46.923648  27.946362  5.524689
 RUN 3 GENERATION 10  -12.522191  47.360517  29.343172  5.390079
 RUN 3 GENERATION 11  -12.522191  47.360517  30.447019  5.07704
 RUN 3 GENERATION 12  -3.038872  53.805738  32.355515  5.267043
 RUN 3 GENERATION 13  -3.038872  53.805738  33.515874  4.694491
 RUN 3 GENERATION 14  -3.038872  53.805738  34.117012  4.421101
 RUN 3 GENERATION 15  -3.038872  53.805738  34.589073  4.323614
 RUN 3 GENERATION 16  -0.719276  53.843573  35.211719  4.600109
 RUN 3 GENERATION 17  -0.719276  53.843573  35.796771  4.515271
 RUN 3 GENERATION 18  -0.719276  53.843573  36.383954  4.417861
 RUN 3 GENERATION 19  -0.719276  53.843573  36.825887  4.484887
 RUN 3 GENERATION 20  -0.719276  53.843573  37.551869  4.34619
 RUN 3 GENERATION 21  -0.719276  53.843573  38.204847  4.5736
 RUN 3 GENERATION 22  -0.719276  53.843573  38.645294  4.530606
 RUN 3 GENERATION 23  -0.719276  53.843573  39.459147  4.766818
 RUN 3 GENERATION 24  -0.719276  53.843573  40.039146  4.560605
 RUN 3 GENERATION 25  -0.719276  53.843573  40.294723  4.447444
 RUN 3 GENERATION 26  -0.719276  53.843573  40.529161  4.557009
 RUN 3 GENERATION 27  -0.719276  53.843573  40.885331  4.464858
 RUN 3 GENERATION 28  -0.719276  53.843573  41.247018  4.403629
 RUN 3 GENERATION 29  -0.719276  53.843573  41.529284  4.274687
 RUN 3 GENERATION 30  -0.719276  53.843573  41.763751  4.203717
 RUN 3 GENERATION 31  -0.719276  53.843573  42.020074  4.122937
 RUN 3 GENERATION 32  -0.719276  53.843573  42.605455  4.048447
 RUN 3 GENERATION 33  -0.719276  53.843573  42.732452  3.951278
 RUN 3 GENERATION 34  -0.719276  53.843573  42.925127  4.044372
 RUN 3 GENERATION 35  -0.719276  53.843573  43.290747  4.002885
 RUN 3 GENERATION 36  -0.719276  53.843573  43.459512  3.90308
 RUN 3 GENERATION 37  -0.719276  53.843573  43.529264  3.836996
 RUN 3 GENERATION 38  -0.719276  53.843573  44.084917  3.700176
 RUN 3 GENERATION 39  -0.719276  53.843573  44.323015  3.63755
 RUN 3 GENERATION 40  -0.719276  53.843573  44.374855  3.601784
 RUN 3 GENERATION 41  -0.719276  53.843573  44.558013  3.531781
 RUN 3 GENERATION 42  -0.719276  53.843573  44.799179  3.503233
 RUN 3 GENERATION 43  -0.719276  53.843573  44.918939  3.447503
 RUN 3 GENERATION 44  -0.719276  53.843573  45.343629  3.328931
 RUN 3 GENERATION 45  7.255711  55.352256  45.514553  3.418253
 RUN 3 GENERATION 46  7.255711  55.352256  45.765522  3.340027
 RUN 3 GENERATION 47  7.255711  55.352256  45.85333  3.27734
 RUN 3 GENERATION 48  7.255711  55.352256  46.06189  3.211032
 RUN 3 GENERATION 49  7.255711  55.352256  46.076922  3.193321
 RUN 3 GENERATION 50  7.255711  55.352256  46.264996  3.148032
 RUN 3 GENERATION 51  7.255711  55.352256  46.33424  3.121603
 RUN 3 GENERATION 52  7.255711  55.352256  46.615172  3.043357
 RUN 3 GENERATION 53  7.255711  55.352256  46.670371  3.018824
 RUN 3 GENERATION 54  7.255711  55.352256  46.792638  2.945255
 RUN 3 GENERATION 55  7.255711  55.352256  46.905109  2.997514
 RUN 3 GENERATION 56  7.255711  55.352256  46.964391  2.965113
 RUN 3 GENERATION 57  7.255711  55.352256  47.202442  2.947232
 RUN 3 GENERATION 58  7.255711  55.352256  47.202442  2.947232
 RUN 3 GENERATION 59  7.255711  55.352256  47.417661  2.856196
 RUN 4 GENERATION 0  -21.715729  14.251926  -5.26194  3.888479
 RUN 4 GENERATION 1  -21.715729  14.251926  -2.175804  5.214238
 RUN 4 GENERATION 2  -20.419974  18.950599  5.400407  5.311368
 RUN 4 GENERATION 3  -20.419974  18.950599  10.642183  4.328467
 RUN 4 GENERATION 4  -18.388951  22.881137  14.742147  1.583445
 RUN 4 GENERATION 5  -15.505103  26.299533  15.139075  2.25337
 RUN 4 GENERATION 6  -15.505103  26.299533  15.561632  2.547933
 RUN 4 GENERATION 7  -15.505103  26.299533  15.852028  2.65775
 RUN 4 GENERATION 8  -9.603977  31.923839  16.63297  3.444515
 RUN 4 GENERATION 9  -9.603977  31.923839  17.560944  3.985691
 RUN 4 GENERATION 10  -16.11862  33.047983  19.549439  4.35437
 RUN 4 GENERATION 11  -16.11862  33.047983  20.955794  4.450864
 RUN 4 GENERATION 12  -9.669935  44.855729  22.614003  4.941237
 RUN 4 GENERATION 13  -9.669935  44.855729  24.518028  5.431961
 RUN 4 GENERATION 14  -9.669935  44.855729  25.449518  5.462213
 RUN 4 GENERATION 15  -9.669935  44.855729  26.74479  5.624439
 RUN 4 GENERATION 16  -9.669935  44.855729  28.014578  5.628254
 RUN 4 GENERATION 17  -9.669935  44.855729  28.842055  5.390211
 RUN 4 GENERATION 18  -9.669935  44.855729  29.411007  5.258863
 RUN 4 GENERATION 19  -9.669935  44.915914  30.968899  4.992477
 RUN 4 GENERATION 20  -14.194475  48.964977  32.052984  4.808789
 RUN 4 GENERATION 21  -14.194475  48.964977  32.3283  4.608085
 RUN 4 GENERATION 22  -14.194475  48.964977  33.343362  4.203008
 RUN 4 GENERATION 23  -14.194475  48.964977  34.371395  3.88052
 RUN 4 GENERATION 24  -14.194475  48.964977  34.83061  3.662637
 RUN 4 GENERATION 25  -14.194475  48.964977  35.244535  3.416263
 RUN 4 GENERATION 26  -14.194475  48.964977  35.88883  3.285117
 RUN 4 GENERATION 27  -14.194475  48.964977  36.026075  3.355258
 RUN 4 GENERATION 28  -14.194475  48.964977  36.399817  3.133094
 RUN 4 GENERATION 29  -14.194475  48.964977  36.766093  3.03615
 RUN 4 GENERATION 30  -14.194475  48.964977  37.154272  2.813654
 RUN 4 GENERATION 31  -10.861142  52.009156  37.937325  3.158114
 RUN 4 GENERATION 32  -10.861142  52.009156  38.159066  3.014726
 RUN 4 GENERATION 33  -10.861142  52.009156  38.289667  2.958316
 RUN 4 GENERATION 34  -10.861142  52.009156  38.414675  2.900609
 RUN 4 GENERATION 35  -10.861142  52.009156  38.723402  2.819399
 RUN 4 GENERATION 36  -10.861142  52.009156  38.797276  2.780519
 RUN 4 GENERATION 37  -10.861142  52.009156  39.000267  2.757064
 RUN 4 GENERATION 38  -10.861142  52.009156  39.070602  2.715491
 RUN 4 GENERATION 39  -10.861142  52.009156  39.076096  2.712907
 RUN 4 GENERATION 40  -30.0  56.950157  39.318982  3.234609
 RUN 4 GENERATION 41  -30.0  56.950157  39.42454  3.241841
 RUN 4 GENERATION 42  -30.0  56.950157  39.710827  3.546765
 RUN 4 GENERATION 43  -1.413427  60.709002  39.961792  4.104837
 RUN 4 GENERATION 44  -11.952621  64.936334  40.284652  4.77718
 RUN 4 GENERATION 45  -11.952621  64.936334  40.56271  5.03236
 RUN 4 GENERATION 46  -11.952621  64.936334  40.608825  5.020865
 RUN 4 GENERATION 47  -11.952621  64.936334  40.964972  5.295507
 RUN 4 GENERATION 48  -11.952621  64.936334  41.170898  5.326029
 RUN 4 GENERATION 49  -11.952621  64.936334  41.21575  5.310173
 RUN 4 GENERATION 50  -11.952621  64.936334  41.318656  5.294305
 RUN 4 GENERATION 51  -11.952621  64.936334  41.363064  5.27764
 RUN 4 GENERATION 52  -11.952621  64.936334  41.425956  5.251366
 RUN 4 GENERATION 53  -11.952621  64.936334  41.540254  5.253784
 RUN 4 GENERATION 54  -11.952621  64.936334  41.559524  5.244239
 RUN 4 GENERATION 55  -11.952621  64.936334  41.722818  5.264093
 RUN 4 GENERATION 56  -11.952621  64.936334  41.799882  5.238507
 RUN 4 GENERATION 57  -11.952621  64.936334  41.997608  5.395338
 RUN 4 GENERATION 58  -8.619288  67.912058  42.379003  5.948033
 RUN 4 GENERATION 59  -8.619288  67.912058  42.674956  6.093436
 RUN 5 GENERATION 0  -36.336602  21.634948  -4.64177  4.429649
 RUN 5 GENERATION 1  -18.397531  29.007544  0.195338  6.816894
 RUN 5 GENERATION 2  -51.952621  29.44964  7.159276  5.590289
 RUN 5 GENERATION 3  -51.952621  29.44964  10.823745  5.84485
 RUN 5 GENERATION 4  -24.194475  40.125907  15.428512  5.391941
 RUN 5 GENERATION 5  -24.194475  40.125907  17.143924  5.23726
 RUN 5 GENERATION 6  -24.194475  40.125907  18.818789  5.95671
 RUN 5 GENERATION 7  -24.194475  40.125907  22.118375  6.529946
 RUN 5 GENERATION 8  -10.861142  52.107475  24.844608  6.8027
 RUN 5 GENERATION 9  -10.861142  52.107475  27.307567  6.565764
 RUN 5 GENERATION 10  -10.861142  52.107475  29.19429  6.017701
 RUN 5 GENERATION 11  -10.861142  52.107475  30.534766  5.458879
 RUN 5 GENERATION 12  -10.861142  52.107475  32.431735  4.708323
 RUN 5 GENERATION 13  -10.861142  52.107475  33.831706  4.079934
 RUN 5 GENERATION 14  -10.861142  52.107475  34.309751  3.753494
 RUN 5 GENERATION 15  -10.861142  52.107475  35.242688  3.406112
 RUN 5 GENERATION 16  -10.861142  52.107475  35.602982  3.279679
 RUN 5 GENERATION 17  -10.861142  52.107475  36.464203  3.143967
 RUN 5 GENERATION 18  -10.861142  52.107475  36.786809  2.935564
 RUN 5 GENERATION 19  -10.861142  52.107475  37.223252  2.677876
 RUN 5 GENERATION 20  -10.861142  52.107475  37.845078  2.340913
 RUN 5 GENERATION 21  -10.861142  52.107475  38.24969  2.111615
 RUN 5 GENERATION 22  -10.861142  52.107475  38.547893  1.966889
 RUN 5 GENERATION 23  -10.861142  52.107475  38.620864  1.909905
 RUN 5 GENERATION 24  -10.861142  52.107475  38.671678  1.926591
 RUN 5 GENERATION 25  -10.861142  52.107475  38.676534  1.924708
 RUN 5 GENERATION 26  -10.861142  52.107475  38.716613  1.929044
 RUN 5 GENERATION 27  -10.861142  52.107475  38.874731  2.025904
 RUN 5 GENERATION 28  -10.861142  52.107475  38.875832  2.025419
 RUN 5 GENERATION 29  -10.861142  52.107475  38.896586  2.025287
 RUN 5 GENERATION 30  -7.238576  60.403646  39.349612  3.52436
 RUN 5 GENERATION 31  -7.238576  60.403646  39.460898  3.5214
 RUN 5 GENERATION 32  -5.783011  63.212809  39.785978  4.227517
 RUN 5 GENERATION 33  -5.783011  63.212809  39.825214  4.219323
 RUN 5 GENERATION 34  -5.783011  63.212809  39.845362  4.215006
 RUN 5 GENERATION 35  -5.783011  63.212809  39.902014  4.209894
 RUN 5 GENERATION 36  -5.783011  63.212809  40.243444  4.539022
 RUN 5 GENERATION 37  -5.783011  63.212809  40.364549  4.511465
 RUN 5 GENERATION 38  -5.783011  63.212809  40.862824  4.935762
 RUN 5 GENERATION 39  -5.783011  63.212809  40.919706  4.913391
 RUN 5 GENERATION 40  -5.783011  63.212809  41.292876  5.105635
 RUN 5 GENERATION 41  -5.783011  63.212809  41.575335  5.218035
 RUN 5 GENERATION 42  -5.783011  63.212809  41.727302  5.283097
 RUN 5 GENERATION 43  -5.783011  63.212809  42.045152  5.459378
 RUN 5 GENERATION 44  -5.783011  63.212809  42.304067  5.58115
 RUN 5 GENERATION 45  -5.783011  63.212809  42.507302  5.58926
 RUN 5 GENERATION 46  -5.783011  63.212809  42.675431  5.617584
 RUN 5 GENERATION 47  -5.783011  63.212809  42.941905  5.559599
 RUN 5 GENERATION 48  -5.783011  63.212809  43.403307  5.543378
 RUN 5 GENERATION 49  -5.783011  63.212809  43.557603  5.619075
 RUN 5 GENERATION 50  -5.783011  63.212809  43.811459  5.638674
 RUN 5 GENERATION 51  -5.783011  63.212809  44.17322  5.910889
 RUN 5 GENERATION 52  -5.783011  63.212809  44.239109  5.884592
 RUN 5 GENERATION 53  -5.783011  63.212809  44.887464  6.186034
 RUN 5 GENERATION 54  -5.45164  63.236444  45.520218  6.531908
 RUN 5 GENERATION 55  -5.45164  63.236444  45.965874  6.425657
 RUN 5 GENERATION 56  -5.45164  63.236444  46.50108  6.544778
 RUN 5 GENERATION 57  -5.45164  63.236444  46.533148  6.52038
 RUN 5 GENERATION 58  -20.0  65.845373  47.127446  6.758542
 RUN 5 GENERATION 59  6.266704  69.866811  47.720504  6.978973
 RUN 6 GENERATION 0  -26.11862  24.064886  -4.092138  5.430713
 RUN 6 GENERATION 1  -2.274569  38.021487  0.693141  7.799852
 RUN 6 GENERATION 2  -2.274569  38.021487  9.80244  6.573735
 RUN 6 GENERATION 3  -2.274569  38.021487  12.891676  6.054377
 RUN 6 GENERATION 4  -2.274569  38.021487  16.354632  4.690148
 RUN 6 GENERATION 5  -2.274569  38.021487  17.76511  5.093924
 RUN 6 GENERATION 6  -2.274569  38.021487  18.58763  5.247676
 RUN 6 GENERATION 7  -2.274569  38.021487  20.317886  5.775724
 RUN 6 GENERATION 8  -3.096441  39.158816  21.52341  5.896372
 RUN 6 GENERATION 9  -3.096441  39.158816  23.42231  5.187904
 RUN 6 GENERATION 10  -3.096441  39.158816  24.320405  4.925351
 RUN 6 GENERATION 11  -3.096441  39.158816  25.048007  4.850512
 RUN 6 GENERATION 12  -3.096441  39.158816  26.217553  4.16962
 RUN 6 GENERATION 13  -3.096441  39.158816  27.186265  3.975834
 RUN 6 GENERATION 14  -3.096441  39.158816  27.232446  3.924198
 RUN 6 GENERATION 15  -3.096441  39.158816  27.819942  3.785211
 RUN 6 GENERATION 16  1.449805  39.934271  28.738986  3.883679
 RUN 6 GENERATION 17  1.449805  39.934271  29.456133  3.648772
 RUN 6 GENERATION 18  -15.857864  44.56101  30.271978  3.771636
 RUN 6 GENERATION 19  -15.857864  44.56101  30.454086  3.690359
 RUN 6 GENERATION 20  -15.857864  44.56101  30.902386  3.726253
 RUN 6 GENERATION 21  -15.857864  44.56101  31.289858  3.694564
 RUN 6 GENERATION 22  -15.857864  44.56101  31.745637  3.605618
 RUN 6 GENERATION 23  -15.857864  44.56101  31.965344  3.565157
 RUN 6 GENERATION 24  -15.857864  44.56101  32.269397  3.503887
 RUN 6 GENERATION 25  -15.857864  44.56101  32.419986  3.487909
 RUN 6 GENERATION 26  -15.857864  44.56101  32.883211  3.568295
 RUN 6 GENERATION 27  -15.857864  44.56101  33.029402  3.537429
 RUN 6 GENERATION 28  -15.857864  44.56101  33.14443  3.473109
 RUN 6 GENERATION 29  -15.857864  44.56101  33.336121  3.49178
 RUN 6 GENERATION 30  -15.857864  44.56101  34.031018  3.26518
 RUN 6 GENERATION 31  -14.194475  48.933408  34.695721  3.739661
 RUN 6 GENERATION 32  -14.194475  48.933408  34.8418  3.681205
 RUN 6 GENERATION 33  -10.861142  51.998551  35.482796  3.886663
 RUN 6 GENERATION 34  -10.861142  51.998551  36.086804  3.731146
 RUN 6 GENERATION 35  -10.861142  51.998551  36.50496  3.446729
 RUN 6 GENERATION 36  -10.861142  51.998551  36.94792  3.299124
 RUN 6 GENERATION 37  -10.861142  51.998551  37.425751  3.04224
 RUN 6 GENERATION 38  -10.861142  51.998551  37.613758  2.937848
 RUN 6 GENERATION 39  -10.861142  51.998551  38.027467  2.670115
 RUN 6 GENERATION 40  -10.861142  51.998551  38.083205  2.61992
 RUN 6 GENERATION 41  -10.861142  51.998551  38.277646  2.620882
 RUN 6 GENERATION 42  -10.861142  51.998551  38.50245  2.524805
 RUN 6 GENERATION 43  -10.861142  51.998551  38.574572  2.47625
 RUN 6 GENERATION 44  -10.861142  51.998551  38.77347  2.380743
 RUN 6 GENERATION 45  -10.861142  51.998551  39.065979  2.534607
 RUN 6 GENERATION 46  -10.861142  51.998551  39.103611  2.524494
 RUN 6 GENERATION 47  -10.861142  51.998551  39.158665  2.528288
 RUN 6 GENERATION 48  -10.861142  51.998551  39.158971  2.528139
 RUN 6 GENERATION 49  -10.861142  51.998551  39.21557  2.529399
 RUN 6 GENERATION 50  -10.861142  51.998551  39.388089  2.622508
 RUN 6 GENERATION 51  -10.861142  51.998551  39.686334  3.051416
 RUN 6 GENERATION 52  -10.861142  51.998551  39.708013  3.045402
 RUN 6 GENERATION 53  -10.861142  51.998551  39.798014  3.080284
 RUN 6 GENERATION 54  -10.861142  51.998551  39.798708  3.079882
 RUN 6 GENERATION 55  -11.835034  58.802351  40.007477  3.60811
 RUN 6 GENERATION 56  -11.835034  58.802351  40.137018  3.703189
 RUN 6 GENERATION 57  -11.835034  58.802351  40.1818  3.686255
 RUN 6 GENERATION 58  -11.835034  58.802351  40.181857  3.686222
 RUN 6 GENERATION 59  -11.835034  58.802351  40.254489  3.668261
 RUN 7 GENERATION 0  -20.335017  6.368393  -5.134438  3.429869
 RUN 7 GENERATION 1  -28.397531  20.173032  -0.855421  6.337878
 RUN 7 GENERATION 2  -28.397531  20.173032  7.355674  5.621749
 RUN 7 GENERATION 3  -7.08664  30.73701  13.565184  3.790542
 RUN 7 GENERATION 4  -4.097109  37.887172  15.512015  3.877027
 RUN 7 GENERATION 5  -4.179951  37.964406  16.459255  4.82375
 RUN 7 GENERATION 6  -4.179951  37.964406  16.989196  5.032741
 RUN 7 GENERATION 7  -4.179951  37.964406  18.068417  5.606001
 RUN 7 GENERATION 8  -16.336602  39.006333  19.201329  6.192307
 RUN 7 GENERATION 9  -16.336602  39.006333  20.570214  6.644585
 RUN 7 GENERATION 10  -14.194475  48.932577  22.418013  6.918164
 RUN 7 GENERATION 11  -14.194475  48.932577  23.71637  6.300931
 RUN 7 GENERATION 12  -14.194475  48.932577  24.825219  5.724744
 RUN 7 GENERATION 13  -14.194475  48.932577  26.413111  5.547209
 RUN 7 GENERATION 14  -18.619288  59.123502  27.967691  6.162668
 RUN 7 GENERATION 15  -18.619288  59.123502  29.693414  6.383441
 RUN 7 GENERATION 16  -18.619288  59.123502  30.475868  6.146213
 RUN 7 GENERATION 17  -18.619288  59.123502  31.140284  5.92397
 RUN 7 GENERATION 18  -18.619288  59.123502  31.849628  5.534113
 RUN 7 GENERATION 19  -18.619288  59.123502  32.362602  5.310605
 RUN 7 GENERATION 20  -18.619288  59.123502  32.906193  5.212926
 RUN 7 GENERATION 21  -18.619288  59.123502  33.487894  5.318224
 RUN 7 GENERATION 22  -18.619288  59.123502  34.226243  5.183959
 RUN 7 GENERATION 23  -18.619288  59.123502  34.519965  5.102649
 RUN 7 GENERATION 24  -18.619288  59.123502  34.991342  4.897548
 RUN 7 GENERATION 25  -18.619288  59.123502  35.434908  4.730094
 RUN 7 GENERATION 26  -18.619288  59.123502  35.749881  4.621127
 RUN 7 GENERATION 27  -18.619288  59.123502  36.107298  4.434801
 RUN 7 GENERATION 28  -18.619288  59.123502  36.601572  4.244096
 RUN 7 GENERATION 29  -18.619288  59.123502  37.18611  4.573298
 RUN 7 GENERATION 30  -18.619288  59.123502  37.734727  4.705259
 RUN 7 GENERATION 31  -18.619288  59.123502  37.975514  4.664219
 RUN 7 GENERATION 32  -18.619288  59.123502  38.317152  4.487592
 RUN 7 GENERATION 33  -8.619288  67.944028  38.921598  5.255248
 RUN 7 GENERATION 34  -8.619288  67.944028  39.095354  5.149821
 RUN 7 GENERATION 35  -8.619288  67.944028  39.202719  5.094292
 RUN 7 GENERATION 36  -8.619288  67.944028  39.4581  5.010858
 RUN 7 GENERATION 37  -8.619288  67.944028  39.850661  5.051034
 RUN 7 GENERATION 38  -8.619288  67.944028  39.97087  4.988701
 RUN 7 GENERATION 39  -8.619288  67.944028  40.487683  5.25751
 RUN 7 GENERATION 40  -8.619288  67.944028  40.952758  5.864733
 RUN 7 GENERATION 41  -8.619288  67.944028  41.046773  5.859092
 RUN 7 GENERATION 42  -8.619288  67.944028  41.0822  5.848995
 RUN 7 GENERATION 43  -8.619288  67.944028  41.105709  5.840366
 RUN 7 GENERATION 44  -8.619288  67.944028  41.322438  6.049765
 RUN 7 GENERATION 45  -8.619288  67.944028  41.430385  6.056579
 RUN 7 GENERATION 46  -8.619288  67.944028  41.497896  6.055021
 RUN 7 GENERATION 47  -8.619288  67.944028  41.726632  6.338168
 RUN 7 GENERATION 48  -8.619288  67.944028  42.171823  6.478066
 RUN 7 GENERATION 49  -8.619288  67.944028  42.23716  6.448968
 RUN 7 GENERATION 50  -8.619288  67.944028  42.412328  6.519885
 RUN 7 GENERATION 51  -8.619288  67.944028  42.47903  6.507687
 RUN 7 GENERATION 52  -8.619288  67.944028  42.549771  6.481563
 RUN 7 GENERATION 53  -8.619288  67.944028  43.058254  6.745164
 RUN 7 GENERATION 54  -8.619288  67.944028  43.536555  6.954931
 RUN 7 GENERATION 55  -8.619288  67.944028  43.943392  6.980104
 RUN 7 GENERATION 56  -8.619288  67.944028  44.264926  6.981167
 RUN 7 GENERATION 57  -8.619288  67.944028  44.740237  7.070606
 RUN 7 GENERATION 58  -8.619288  67.944028  44.847886  7.025769
 RUN 7 GENERATION 59  -8.619288  67.944028  44.847886  7.025769
 RUN 8 GENERATION 0  -37.810486  16.737238  -4.157136  5.49224
 RUN 8 GENERATION 1  -18.388951  23.101724  1.733639  7.391602
 RUN 8 GENERATION 2  -26.11862  24.368554  8.973762  5.477827
 RUN 8 GENERATION 3  -26.336602  29.977702  13.629387  5.582005
 RUN 8 GENERATION 4  -26.336602  29.977702  17.47265  4.344016
 RUN 8 GENERATION 5  -16.336602  39.215614  19.246471  4.976862
 RUN 8 GENERATION 6  -16.336602  39.215614  20.91147  4.669748
 RUN 8 GENERATION 7  -16.336602  39.215614  22.299412  4.806084
 RUN 8 GENERATION 8  -16.336602  39.215614  23.625087  4.642732
 RUN 8 GENERATION 9  -16.336602  39.215614  24.741367  4.037028
 RUN 8 GENERATION 10  -16.336602  39.215614  25.373796  4.03192
 RUN 8 GENERATION 11  -16.336602  39.215614  26.014799  3.658906
 RUN 8 GENERATION 12  -16.336602  39.215614  27.027149  3.715283
 RUN 8 GENERATION 13  1.698333  39.964832  27.836153  3.747039
 RUN 8 GENERATION 14  1.698333  39.964832  28.628741  3.791527
 RUN 8 GENERATION 15  1.698333  39.964832  29.116064  3.688688
 RUN 8 GENERATION 16  1.698333  39.964832  29.218069  3.625331
 RUN 8 GENERATION 17  -27.238576  42.905411  29.675431  3.718766
 RUN 8 GENERATION 18  -27.238576  42.905411  30.348865  3.681311
 RUN 8 GENERATION 19  -27.238576  42.905411  30.582037  3.564704
 RUN 8 GENERATION 20  -27.238576  42.905411  30.914611  3.45784
 RUN 8 GENERATION 21  -27.238576  42.905411  31.301792  3.664989
 RUN 8 GENERATION 22  -27.238576  42.905411  31.561555  3.774774
 RUN 8 GENERATION 23  -27.238576  42.905411  31.948386  3.851701
 RUN 8 GENERATION 24  -27.238576  42.905411  32.190419  3.881361
 RUN 8 GENERATION 25  -27.238576  42.905411  32.653313  3.845347
 RUN 8 GENERATION 26  -27.238576  42.905411  33.241357  3.808453
 RUN 8 GENERATION 27  -27.238576  42.905411  33.817992  3.718742
 RUN 8 GENERATION 28  -27.238576  42.905411  34.47463  3.477569
 RUN 8 GENERATION 29  -40.0  48.235292  35.353771  3.530181
 RUN 8 GENERATION 30  -40.0  48.235292  35.817296  3.346456
 RUN 8 GENERATION 31  -40.0  48.235292  36.204384  3.167921
 RUN 8 GENERATION 32  -40.0  48.235292  36.665  2.909226
 RUN 8 GENERATION 33  -40.0  48.235292  37.133616  2.560231
 RUN 8 GENERATION 34  -40.0  48.235292  37.426957  2.327729
 RUN 8 GENERATION 35  -40.0  48.235292  37.672437  2.202066
 RUN 8 GENERATION 36  -40.0  48.235292  37.853242  2.076353
 RUN 8 GENERATION 37  -40.0  48.235292  37.994763  1.99418
 RUN 8 GENERATION 38  -40.0  48.235292  38.233908  1.836648
 RUN 8 GENERATION 39  -40.0  48.235292  38.433601  1.663536
 RUN 8 GENERATION 40  -40.0  48.235292  38.583045  1.523722
 RUN 8 GENERATION 41  -40.0  48.235292  38.76015  1.713081
 RUN 8 GENERATION 42  -5.857864  53.582944  38.919039  2.257388
 RUN 8 GENERATION 43  -5.857864  53.582944  38.940928  2.256342
 RUN 8 GENERATION 44  -5.857864  53.582944  38.943265  2.255338
 RUN 8 GENERATION 45  -5.857864  53.582944  39.012879  2.280648
 RUN 8 GENERATION 46  -5.857864  53.582944  39.01427  2.280017
 RUN 8 GENERATION 47  -5.857864  53.582944  39.100785  2.343088
 RUN 8 GENERATION 48  -5.857864  53.582944  39.123346  2.340467
 RUN 8 GENERATION 49  -5.857864  53.582944  39.125193  2.339592
 RUN 8 GENERATION 50  -5.857864  53.582944  39.236279  2.459288
 RUN 8 GENERATION 51  -5.857864  53.582944  39.269548  2.45348
 RUN 8 GENERATION 52  -5.857864  53.582944  39.372345  2.561777
 RUN 8 GENERATION 53  -5.857864  53.582944  39.372345  2.561777
 RUN 8 GENERATION 54  -5.857864  53.582944  39.37353  2.561145
 RUN 8 GENERATION 55  -5.857864  53.582944  39.528042  2.910072
 RUN 8 GENERATION 56  -5.857864  53.582944  39.529288  2.909419
 RUN 8 GENERATION 57  -5.857864  53.582944  39.605129  2.892853
 RUN 8 GENERATION 58  -5.857864  53.582944  39.624191  2.888466
 RUN 8 GENERATION 59  -5.857864  53.582944  39.624191  2.888466
 RUN 9 GENERATION 0  -11.715729  23.137076  -4.741504  5.019564
 RUN 9 GENERATION 1  -11.715729  23.137076  0.326242  7.431326
 RUN 9 GENERATION 2  -22.785287  26.985009  6.923382  6.795288
 RUN 9 GENERATION 3  -22.785287  26.985009  13.793187  4.085331
 RUN 9 GENERATION 4  -22.785287  26.985009  15.518106  2.475739
 RUN 9 GENERATION 5  -22.785287  26.985009  16.04443  2.924599
 RUN 9 GENERATION 6  -9.852505  31.834884  16.912855  3.74456
 RUN 9 GENERATION 7  -9.852505  31.834884  17.361589  4.189719
 RUN 9 GENERATION 8  -9.852505  31.834884  18.008732  4.505731
 RUN 9 GENERATION 9  -1.777513  37.959919  19.370783  4.971526
 RUN 9 GENERATION 10  -1.777513  37.959919  20.329138  5.103584
 RUN 9 GENERATION 11  -3.020153  38.012718  22.543068  5.502513
 RUN 9 GENERATION 12  -5.491482  44.617322  24.147148  5.802197
 RUN 9 GENERATION 13  -4.829603  57.685651  25.951923  6.520249
 RUN 9 GENERATION 14  -4.829603  57.685651  27.678808  6.364726
 RUN 9 GENERATION 15  -4.829603  57.685651  29.77264  6.075134
 RUN 9 GENERATION 16  -4.829603  57.685651  30.967065  5.587408
 RUN 9 GENERATION 17  -4.829603  57.685651  32.361565  5.465438
 RUN 9 GENERATION 18  -4.829603  57.685651  33.768774  5.373097
 RUN 9 GENERATION 19  -4.829603  57.685651  34.868792  5.239463
 RUN 9 GENERATION 20  -4.829603  57.685651  35.351495  4.983365
 RUN 9 GENERATION 21  -4.829603  57.685651  36.247498  4.709537
 RUN 9 GENERATION 22  -18.619288  58.671584  38.073089  5.037874
 RUN 9 GENERATION 23  -18.619288  58.671584  38.738484  4.600387
 RUN 9 GENERATION 24  -18.619288  58.671584  39.892524  4.937381
 RUN 9 GENERATION 25  -18.619288  58.671584  40.162272  4.777689
 RUN 9 GENERATION 26  -18.619288  58.671584  40.621257  4.998344
 RUN 9 GENERATION 27  -6.114382  63.113138  41.254477  5.715849
 RUN 9 GENERATION 28  -6.114382  63.113138  41.516841  5.926322
 RUN 9 GENERATION 29  -6.114382  63.113138  41.976205  6.208034
 RUN 9 GENERATION 30  -6.114382  63.113138  42.30744  6.231091
 RUN 9 GENERATION 31  -6.114382  63.113138  42.694073  6.246662
 RUN 9 GENERATION 32  -5.45164  63.238001  43.151304  6.558424
 RUN 9 GENERATION 33  -5.45164  63.238001  43.521262  6.647984
 RUN 9 GENERATION 34  -11.952621  65.149373  44.159171  7.031068
 RUN 9 GENERATION 35  -11.952621  65.149373  44.351395  6.973576
 RUN 9 GENERATION 36  -11.952621  65.149373  44.587924  6.923098
 RUN 9 GENERATION 37  -3.712802  67.450794  45.424333  7.327931
 RUN 9 GENERATION 38  2.839529  69.470411  45.775558  7.637739
 RUN 9 GENERATION 39  2.839529  69.470411  45.949736  7.543809
 RUN 9 GENERATION 40  2.839529  69.470411  46.114997  7.492963
 RUN 9 GENERATION 41  2.839529  69.470411  46.441472  7.428276
 RUN 9 GENERATION 42  2.839529  69.470411  46.649212  7.373064
 RUN 9 GENERATION 43  2.839529  69.470411  47.187376  7.442932
 RUN 9 GENERATION 44  2.839529  69.470411  47.303507  7.363897
 RUN 9 GENERATION 45  2.839529  69.470411  47.49452  7.383796
 RUN 9 GENERATION 46  2.839529  69.470411  47.49452  7.383796
 RUN 9 GENERATION 47  2.839529  69.470411  47.756447  7.280965
 RUN 9 GENERATION 48  2.839529  69.470411  47.956188  7.306515
 RUN 9 GENERATION 49  2.839529  69.470411  48.219267  7.179311
 RUN 9 GENERATION 50  2.839529  69.470411  48.68818  6.963144
 RUN 9 GENERATION 51  2.839529  69.470411  48.948534  6.840862
 RUN 9 GENERATION 52  2.839529  69.470411  49.035807  6.795795
 RUN 9 GENERATION 53  2.839529  69.470411  49.374193  6.819493
 RUN 9 GENERATION 54  2.839529  69.470411  49.37512  6.818391
 RUN 9 GENERATION 55  2.839529  69.470411  49.55181  6.802482
 RUN 9 GENERATION 56  2.839529  69.470411  49.891756  6.643565
 RUN 9 GENERATION 57  2.839529  69.470411  49.891756  6.643565
 RUN 9 GENERATION 58  2.839529  69.470411  49.980703  6.54892
 RUN 9 GENERATION 59  2.839529  69.470411  50.031552  6.493617
 RUN 0 GENERATION 0  -41.835034  32.174113  -4.750307  5.635005
 RUN 0 GENERATION 1  -25.857864  35.708179  0.82263  8.367793
 RUN 0 GENERATION 2  -25.857864  35.708179  9.590088  6.718306